108
Atoms
A -4.07163 -4.07163 -4.07163
A -2.71442 -2.71442 -4.07163
A -4.07163 -2.71442 -2.71442
A -2.71442 -4.07163 -2.71442
A -4.07163 -1.35721 -4.07163
A -2.71442 0 -4.07163
A -4.07163 0 -2.71442
A -2.71442 -1.35721 -2.71442
A -4.07163 1.35721 -4.07163
A -2.71442 2.71442 -4.07163
A -4.07163 2.71442 -2.71442
A -2.71442 1.35721 -2.71442
A -1.35721 -4.07163 -4.07163
A 0 -2.71442 -4.07163
A -1.35721 -2.71442 -2.71442
A 0 -4.07163 -2.71442
A -1.35721 -1.35721 -4.07163
A 0 0 -4.07163
A -1.35721 0 -2.71442
A 0 -1.35721 -2.71442
A -1.35721 1.35721 -4.07163
A 0 2.71442 -4.07163
A -1.35721 2.71442 -2.71442
A 0 1.35721 -2.71442
A 1.35721 -4.07163 -4.07163
A 2.71442 -2.71442 -4.07163
A 1.35721 -2.71442 -2.71442
A 2.71442 -4.07163 -2.71442
A 1.35721 -1.35721 -4.07163
A 2.71442 0 -4.07163
A 1.35721 0 -2.71442
A 2.71442 -1.35721 -2.71442
A 1.35721 1.35721 -4.07163
A 2.71442 2.71442 -4.07163
A 1.35721 2.71442 -2.71442
A 2.71442 1.35721 -2.71442
A -4.07163 -4.07163 -1.35721
A -2.71442 -2.71442 -1.35721
A -4.07163 -2.71442 0
A -2.71442 -4.07163 0
A -4.07163 -1.35721 -1.35721
A -2.71442 0 -1.35721
A -4.07163 0 0
A -2.71442 -1.35721 0
A -4.07163 1.35721 -1.35721
A -2.71442 2.71442 -1.35721
A -4.07163 2.71442 0
A -2.71442 1.35721 0
A -1.35721 -4.07163 -1.35721
A 0 -2.71442 -1.35721
A -1.35721 -2.71442 0
A 0 -4.07163 0
A -1.35721 -1.35721 -1.35721
A 0 0 -1.35721
A -1.35721 0 0
A 0 -1.35721 0
A -1.35721 1.35721 -1.35721
A 0 2.71442 -1.35721
A -1.35721 2.71442 0
A 0 1.35721 0
A 1.35721 -4.07163 -1.35721
A 2.71442 -2.71442 -1.35721
A 1.35721 -2.71442 0
A 2.71442 -4.07163 0
A 1.35721 -1.35721 -1.35721
A 2.71442 0 -1.35721
A 1.35721 0 0
A 2.71442 -1.35721 0
A 1.35721 1.35721 -1.35721
A 2.71442 2.71442 -1.35721
A 1.35721 2.71442 0
A 2.71442 1.35721 0
A -4.07163 -4.07163 1.35721
A -2.71442 -2.71442 1.35721
A -4.07163 -2.71442 2.71442
A -2.71442 -4.07163 2.71442
A -4.07163 -1.35721 1.35721
A -2.71442 0 1.35721
A -4.07163 0 2.71442
A -2.71442 -1.35721 2.71442
A -4.07163 1.35721 1.35721
A -2.71442 2.71442 1.35721
A -4.07163 2.71442 2.71442
A -2.71442 1.35721 2.71442
A -1.35721 -4.07163 1.35721
A 0 -2.71442 1.35721
A -1.35721 -2.71442 2.71442
A 0 -4.07163 2.71442
A -1.35721 -1.35721 1.35721
A 0 0 1.35721
A -1.35721 0 2.71442
A 0 -1.35721 2.71442
A -1.35721 1.35721 1.35721
A 0 2.71442 1.35721
A -1.35721 2.71442 2.71442
A 0 1.35721 2.71442
A 1.35721 -4.07163 1.35721
A 2.71442 -2.71442 1.35721
A 1.35721 -2.71442 2.71442
A 2.71442 -4.07163 2.71442
A 1.35721 -1.35721 1.35721
A 2.71442 0 1.35721
A 1.35721 0 2.71442
A 2.71442 -1.35721 2.71442
A 1.35721 1.35721 1.35721
A 2.71442 2.71442 1.35721
A 1.35721 2.71442 2.71442
A 2.71442 1.35721 2.71442
