9.999999999999854491e-03 0.000000000000000000e+00
2.999999999999998848e-02 0.000000000000000000e+00
5.000000000000040523e-02 0.000000000000000000e+00
7.000000000000025646e-02 0.000000000000000000e+00
9.000000000000149547e-02 0.000000000000000000e+00
1.099999999999995148e-01 0.000000000000000000e+00
1.299999999999996991e-01 0.000000000000000000e+00
1.500000000000013545e-01 0.000000000000000000e+00
1.700000000000014555e-01 0.000000000000000000e+00
1.899999999999984479e-01 0.000000000000000000e+00
2.099999999999980216e-01 0.000000000000000000e+00
2.299999999999995381e-01 0.000000000000000000e+00
2.500000000000000000e-01 0.000000000000000000e+00
2.700000000000019607e-01 0.000000000000000000e+00
2.899999999999992584e-01 0.000000000000000000e+00
3.100000000000017741e-01 0.000000000000000000e+00
3.300000000000042344e-01 0.000000000000000000e+00
3.499999999999961475e-01 0.000000000000000000e+00
3.700000000000030487e-01 0.000000000000000000e+00
3.899999999999934630e-01 0.000000000000000000e+00
4.099999999999984768e-01 0.000000000000000000e+00
4.300000000000051559e-01 0.000000000000000000e+00
4.499999999999944045e-01 0.000000000000000000e+00
4.700000000000038591e-01 0.000000000000000000e+00
4.900000000000045985e-01 0.000000000000000000e+00
5.099999999999952349e-01 0.000000000000000000e+00
5.299999999999935874e-01 0.000000000000000000e+00
5.500000000000065947e-01 0.000000000000000000e+00
5.699999999999944000e-01 0.000000000000000000e+00
5.899999999999934186e-01 0.000000000000000000e+00
6.100000000000092015e-01 0.000000000000000000e+00
6.299999999999964517e-01 0.000000000000000000e+00
6.499999999999932498e-01 0.000000000000000000e+00
6.700000000000034817e-01 0.000000000000000000e+00
6.899999999999979483e-01 0.000000000000000000e+00
7.099999999999921929e-01 0.000000000000000000e+00
7.300000000000060885e-01 0.000000000000000000e+00
7.500000000000000000e-01 0.000000000000000000e+00
7.699999999999932454e-01 0.000000000000000000e+00
7.900000000000082512e-01 0.000000000000000000e+00
8.099999999999998312e-01 0.000000000000000000e+00
8.299999999999977396e-01 0.000000000000000000e+00
8.500000000000105249e-01 0.000000000000000000e+00
8.700000000000038813e-01 0.000000000000000000e+00
8.899999999999894662e-01 0.000000000000000000e+00
9.100000000000048050e-01 0.000000000000000000e+00
9.299999999999968292e-01 6.827341955063041790e-05
9.500000000000017319e-01 6.169965449627951015e-02
9.700000000000158495e-01 2.856785871884267025e-01
9.900000000000068745e-01 8.021538704024563371e-01
1.009999999999993125e+00 8.032042416033647214e+00
1.029999999999983373e+00 3.061655062511931202e+00
1.049999999999994049e+00 2.325907234660858691e+00
1.070000000000009388e+00 1.731225661037459229e+00
1.090000000000001190e+00 1.502624113171345366e+00
1.110000000000010978e+00 1.306431077381579486e+00
1.129999999999995897e+00 1.237658589167929701e+00
1.149999999999986366e+00 1.185876279387612087e+00
1.169999999999989937e+00 1.156853534669877837e+00
1.190000000000017488e+00 1.093025524794738246e+00
1.210000000000007070e+00 1.057070888792190244e+00
1.230000000000010862e+00 1.036284551704601986e+00
1.250000000000000000e+00 1.020131490158286747e+00
1.269999999999988693e+00 1.027941914382939803e+00
1.289999999999990932e+00 1.043475179329298674e+00
1.309999999999978959e+00 1.068082933593202499e+00
1.330000000000014060e+00 1.081536113190832982e+00
1.350000000000014966e+00 1.098524505133946061e+00
1.370000000000004103e+00 1.093616894256086880e+00
1.389999999999988356e+00 1.082238859129739605e+00
1.409999999999991926e+00 1.080596149136070272e+00
1.429999999999980398e+00 1.070766711934059590e+00
1.450000000000016831e+00 1.031433847262242631e+00
1.470000000000019735e+00 9.695914403902983203e-01
1.490000000000007541e+00 9.751765099662528247e-01
1.509999999999992459e+00 1.026718798990888359e+00
1.529999999999980043e+00 1.033728763142751639e+00
1.549999999999981393e+00 1.021406472923136466e+00
1.570000000000021378e+00 9.883145212565176418e-01
1.590000000000008296e+00 9.949309427487627033e-01
1.610000000000008091e+00 9.788861860511804958e-01
1.630000000000001004e+00 9.666138782622181180e-01
1.649999999999990141e+00 9.692427597295657504e-01
1.669999999999988161e+00 9.696906027252610860e-01
1.690000000000028368e+00 9.569857330245058469e-01
1.710000000000015730e+00 9.424254412652433022e-01
1.730000000000013083e+00 9.707387131085234433e-01
1.750000000000000000e+00 9.735320075388783634e-01
1.769999999999986917e+00 9.735392429279478010e-01
1.789999999999983382e+00 9.764914657883473348e-01
1.809999999999969855e+00 9.888096398542554066e-01
1.830000000000004290e+00 1.004220637244215730e+00
1.849999999999998979e+00 1.019617640101709410e+00
1.869999999999985230e+00 1.030667948259064159e+00
1.890000000000008118e+00 1.032180410561605699e+00
1.910000000000006581e+00 1.026378727451560779e+00
1.929999999999994609e+00 1.017217877509366097e+00
1.950000000000024158e+00 9.725900072637472249e-01
1.970000000000021734e+00 9.759336486924421461e-01
1.990000000000007763e+00 1.026261605301712176e+00
2.009999999999991793e+00 1.007840387990738273e+00
2.029999999999978044e+00 9.540032987674434972e-01
2.049999999999974953e+00 9.607863274660627395e-01
2.070000000000000728e+00 1.035085961088896722e+00
2.089999999999986979e+00 1.033904925755707138e+00
2.109999999999982556e+00 9.525755595393368136e-01
2.130000000000026539e+00 9.530061110272799452e-01
2.150000000000013678e+00 1.018266835364775025e+00
2.170000000000007923e+00 1.024212935195421226e+00
2.190000000000034586e+00 9.668688724775827970e-01
2.210000000000020393e+00 9.702319772633415385e-01
2.230000000000014193e+00 1.027147325317982141e+00
2.250000000000000000e+00 1.026033379426236403e+00
2.269999999999985807e+00 9.542979198513868999e-01
2.289999999999979163e+00 9.503249607563807322e-01
2.309999999999964526e+00 1.015090602455400948e+00
2.329999999999987637e+00 1.011194231547137390e+00
2.349999999999980105e+00 9.461515196539121986e-01
2.369999999999965024e+00 9.555659820121551462e-01
2.390000000000027214e+00 1.018973961204215684e+00
2.410000000000022347e+00 1.022069514473201268e+00
2.430000000000008598e+00 9.441719389784419825e-01
2.450000000000028599e+00 9.412057300111759117e-01
2.470000000000022844e+00 9.939537225310948187e-01
2.490000000000008207e+00 9.168571500664394192e-01
2.509999999999991793e+00 9.701000050228714144e-01
2.529999999999977156e+00 9.784404961621493424e-01
2.549999999999970957e+00 9.813517563041308511e-01
2.569999999999988294e+00 9.854668485255665411e-01
2.589999999999973213e+00 9.792235994868068172e-01
2.609999999999966569e+00 9.753611087093094767e-01
2.630000000000042082e+00 9.770175034190587970e-01
2.650000000000027889e+00 9.805479303850298534e-01
2.670000000000019913e+00 9.795973719233449506e-01
2.690000000000038138e+00 9.753594144655481912e-01
2.710000000000023057e+00 9.788262995828783675e-01
2.730000000000014637e+00 9.808433073972875338e-01
2.750000000000000000e+00 9.761157514382440281e-01
2.769999999999985363e+00 9.794721333106995997e-01
2.789999999999976499e+00 9.859019519079423866e-01
2.809999999999961418e+00 9.830085145276181713e-01
2.829999999999976978e+00 9.832022437530991699e-01
2.849999999999967670e+00 9.839771293262011831e-01
2.869999999999952145e+00 9.827710149804048667e-01
2.890000000000040092e+00 9.840068036521757433e-01
2.910000000000032561e+00 9.857992878497303657e-01
2.930000000000017923e+00 9.889095557219599320e-01
2.950000000000031264e+00 9.847338274066381736e-01
2.970000000000023288e+00 9.818056079905215228e-01
2.990000000000008207e+00 9.881213325080816512e-01
3.009999999999991793e+00 9.799547492874649546e-01
3.029999999999976712e+00 9.820731322122502327e-01
3.049999999999968292e+00 9.812905037058474722e-01
3.069999999999979856e+00 9.853194053598357538e-01
3.089999999999964331e+00 9.823651772782526770e-01
3.109999999999955911e+00 9.769142088893641995e-01
3.130000000000052296e+00 9.794662701598438881e-01
3.150000000000037659e+00 9.821308656922053126e-01
3.170000000000027907e+00 9.807249904341331925e-01
3.190000000000040803e+00 9.835248366047307789e-01
3.210000000000025278e+00 9.821616192138163948e-01
3.230000000000015525e+00 9.830942856493776194e-01
3.250000000000000000e+00 9.799099631317872428e-01
3.269999999999984475e+00 9.784803944746907067e-01
3.289999999999974722e+00 9.802591293190330290e-01
3.309999999999959197e+00 9.859497772238715596e-01
3.329999999999969873e+00 9.793609367108879749e-01
3.349999999999958789e+00 9.803411234193085688e-01
3.369999999999943263e+00 9.824614375140756639e-01
3.390000000000030322e+00 9.829272162647970656e-01
3.410000000000019682e+00 9.824816551204731407e-01
3.430000000000003713e+00 9.824263374004834626e-01
3.450000000000010836e+00 9.837698450204076517e-01
3.470000000000001084e+00 9.801864919608787030e-01
3.489999999999983338e+00 9.810953348264150886e-01
3.510000000000017106e+00 9.829551899138806448e-01
3.530000000000002469e+00 9.820088164753767446e-01
3.549999999999994493e+00 9.837062305130391815e-01
3.570000000000002505e+00 9.809626080861856279e-01
3.589999999999988756e+00 9.838958498338333802e-01
3.609999999999979448e+00 9.818556052499541886e-01
3.630000000000060290e+00 9.833677119015028500e-01
3.650000000000045208e+00 9.837860662079560559e-01
3.670000000000034124e+00 9.820806772950504415e-01
3.690000000000042135e+00 9.849775070574309233e-01
3.710000000000026610e+00 9.795948509728664710e-01
3.730000000000015525e+00 9.782222240079719855e-01
3.750000000000000000e+00 9.829245697851004548e-01
3.769999999999984475e+00 9.822871392378186295e-01
3.789999999999973390e+00 9.815837184651232672e-01
3.809999999999956977e+00 9.846160188001826796e-01
3.829999999999964544e+00 9.856918931731867284e-01
3.849999999999952571e+00 9.872939018992670235e-01
3.869999999999936602e+00 9.835307386256307849e-01
3.890000000000009450e+00 9.811271998924897542e-01
3.909999999999998810e+00 9.847700790654931868e-01
3.929999999999982840e+00 9.874432039055441868e-01
3.949999999999986855e+00 9.798232405607650852e-01
3.969999999999975326e+00 9.880463312515362917e-01
3.989999999999958469e+00 9.844383138722531124e-01
4.010000000000042419e+00 9.837394120592202196e-01
4.030000000000026894e+00 9.849329355401210684e-01
4.050000000000017586e+00 9.853349270470148635e-01
4.070000000000022489e+00 9.889968052753557171e-01
4.090000000000007851e+00 9.897901638646010580e-01
4.109999999999997655e+00 9.865500211707481926e-01
4.130000000000066507e+00 9.871239354204601746e-01
4.150000000000050981e+00 9.865129244527128805e-01
4.170000000000039009e+00 9.865134240822220901e-01
4.190000000000043912e+00 9.860821456970442211e-01
4.210000000000027498e+00 9.855978570480757872e-01
4.230000000000016414e+00 9.910620523626426648e-01
4.250000000000000000e+00 9.862712862633103983e-01
4.269999999999983586e+00 9.867539284102397890e-01
4.289999999999971614e+00 9.859493990036155564e-01
4.309999999999956088e+00 9.845609624300030172e-01
4.329999999999960103e+00 9.873985833048241068e-01
4.349999999999948130e+00 9.882388730905893315e-01
4.369999999999931717e+00 9.880886005472112599e-01
4.389999999999994351e+00 9.855376081071554051e-01
4.409999999999982379e+00 9.897966734947005740e-01
4.429999999999965965e+00 9.894704193166125039e-01
4.449999999999968203e+00 9.888595391215577735e-01
4.469999999999956231e+00 9.890770212849758769e-01
4.489999999999938929e+00 9.920838802655717048e-01
4.510000000000061959e+00 9.932102335811130445e-01
4.530000000000045546e+00 9.950780486593655549e-01
4.550000000000035350e+00 9.899776059522230609e-01
4.570000000000037588e+00 9.913437133586641137e-01
4.590000000000022062e+00 9.915833675157423865e-01
4.610000000000010978e+00 9.923233885593305548e-01
4.630000000000070948e+00 9.928704025091238394e-01
4.650000000000055422e+00 9.905009905508104229e-01
4.670000000000042562e+00 9.931828053264581957e-01
4.690000000000044800e+00 9.913586419464205379e-01
4.710000000000028386e+00 9.902616030810462711e-01
4.730000000000016414e+00 9.928032517893262687e-01
4.750000000000000000e+00 9.886401766212878917e-01
4.769999999999983586e+00 9.936475209203713410e-01
4.789999999999971614e+00 9.929056220827255919e-01
4.809999999999955200e+00 9.935914243162853321e-01
4.829999999999956550e+00 9.920169761178360135e-01
4.849999999999943689e+00 9.923300363615217279e-01
4.869999999999927276e+00 9.952910666701264564e-01
4.889999999999981917e+00 9.956713807695977136e-01
4.909999999999969056e+00 9.929629031900899516e-01
4.929999999999953531e+00 9.916285362376336954e-01
4.949999999999952216e+00 9.972289913864511579e-01
4.969999999999940243e+00 9.955616296257198128e-01
4.989999999999922942e+00 9.945600553592651716e-01
5.010000000000077947e+00 9.969917038278389709e-01
5.030000000000061533e+00 9.932732809804258878e-01
5.050000000000049560e+00 9.906706725441217776e-01
5.070000000000050022e+00 9.941016587026313411e-01
5.090000000000035385e+00 9.938720411578290115e-01
5.110000000000023412e+00 9.916254563172421932e-01
5.130000000000074500e+00 9.945243469695845828e-01
5.150000000000058087e+00 9.939062414305523951e-01
5.170000000000045226e+00 9.936457041830080161e-01
5.190000000000045688e+00 9.937718077835264729e-01
5.210000000000029274e+00 9.932749588078613190e-01
5.230000000000016414e+00 9.951681095127742349e-01
5.250000000000000000e+00 9.980491638195315707e-01
5.269999999999983586e+00 9.949363182894567226e-01
5.289999999999970726e+00 9.950473120415374018e-01
5.309999999999953424e+00 9.938131696167612494e-01
5.329999999999953886e+00 9.955668948893808823e-01
5.349999999999940137e+00 9.953397064342208722e-01
5.369999999999923723e+00 9.971893085800780376e-01
5.389999999999971259e+00 9.978519314490835734e-01
5.409999999999958398e+00 9.982717201067677903e-01
5.429999999999941984e+00 9.969098306712131929e-01
5.449999999999940670e+00 9.996066969751007392e-01
5.469999999999926921e+00 9.992376665137905345e-01
5.489999999999910507e+00 9.988631454744989480e-01
5.510000000000090381e+00 9.967093974198432127e-01
5.530000000000073967e+00 9.968488616793642620e-01
5.550000000000061995e+00 9.969661841818980852e-01
5.570000000000060680e+00 9.974425044905171900e-01
5.590000000000044267e+00 9.998102878378922753e-01
5.610000000000032294e+00 9.982706689728203520e-01
5.630000000000078053e+00 1.000181689648668604e+00
5.650000000000061640e+00 9.986184563498942124e-01
5.670000000000047891e+00 9.968613218504682738e-01
5.690000000000046576e+00 9.975646614121618239e-01
5.710000000000030163e+00 9.971669192852464780e-01
5.730000000000016414e+00 9.945633668178882614e-01
5.750000000000000000e+00 9.973371970465140235e-01
5.769999999999983586e+00 9.982164960261286080e-01
5.789999999999969837e+00 9.983746527651252700e-01
5.809999999999953424e+00 9.972561790829824746e-01
5.829999999999951221e+00 9.989632074985047572e-01
5.849999999999938360e+00 9.975987681452287426e-01
5.869999999999921059e+00 9.992939561689990757e-01
5.889999999999963265e+00 9.979983975889263892e-01
5.909999999999949516e+00 9.992588239366848590e-01
5.929999999999933102e+00 9.981907046174373077e-01
5.949999999999930012e+00 9.998248662736940462e-01
5.969999999999917151e+00 9.978243500992350912e-01
5.989999999999898961e+00 9.974822559441371972e-01
