9.999999999999851022e-03 0.000000000000000000e+00
3.000000000000004052e-02 0.000000000000000000e+00
5.000000000000025951e-02 0.000000000000000000e+00
7.000000000000025646e-02 0.000000000000000000e+00
9.000000000000159261e-02 0.000000000000000000e+00
1.099999999999995148e-01 0.000000000000000000e+00
1.299999999999994771e-01 0.000000000000000000e+00
1.500000000000015488e-01 0.000000000000000000e+00
1.700000000000014555e-01 0.000000000000000000e+00
1.899999999999984202e-01 0.000000000000000000e+00
2.099999999999984934e-01 0.000000000000000000e+00
2.299999999999990663e-01 0.000000000000000000e+00
2.500000000000000000e-01 0.000000000000000000e+00
2.700000000000023492e-01 0.000000000000000000e+00
2.899999999999989253e-01 0.000000000000000000e+00
3.100000000000018296e-01 0.000000000000000000e+00
3.300000000000046230e-01 0.000000000000000000e+00
3.499999999999960920e-01 0.000000000000000000e+00
3.700000000000031042e-01 0.000000000000000000e+00
3.899999999999931299e-01 0.000000000000000000e+00
4.099999999999996980e-01 0.000000000000000000e+00
4.300000000000052669e-01 0.000000000000000000e+00
4.499999999999941269e-01 0.000000000000000000e+00
4.700000000000049694e-01 0.000000000000000000e+00
4.900000000000048206e-01 0.000000000000000000e+00
5.099999999999950129e-01 0.000000000000000000e+00
5.299999999999925882e-01 0.000000000000000000e+00
5.500000000000068168e-01 0.000000000000000000e+00
5.699999999999942890e-01 0.000000000000000000e+00
5.899999999999925304e-01 0.000000000000000000e+00
6.100000000000093126e-01 0.000000000000000000e+00
6.299999999999963407e-01 0.000000000000000000e+00
6.499999999999924727e-01 0.000000000000000000e+00
6.700000000000040368e-01 0.000000000000000000e+00
6.899999999999979483e-01 0.000000000000000000e+00
7.099999999999915268e-01 0.000000000000000000e+00
7.300000000000066436e-01 0.000000000000000000e+00
7.500000000000000000e-01 0.000000000000000000e+00
7.699999999999928013e-01 0.000000000000000000e+00
7.900000000000061418e-01 0.000000000000000000e+00
8.099999999999972777e-01 0.000000000000000000e+00
8.299999999999997380e-01 0.000000000000000000e+00
8.500000000000110800e-01 0.000000000000000000e+00
8.700000000000038813e-01 0.000000000000000000e+00
8.899999999999893552e-01 0.000000000000000000e+00
9.100000000000031397e-01 0.000000000000000000e+00
9.299999999999946088e-01 0.000000000000000000e+00
9.500000000000038414e-01 2.071504714008520764e-02
9.700000000000164047e-01 1.510572553468585155e-01
9.900000000000069855e-01 6.234989388371511287e-01
1.009999999999993125e+00 1.485284841118675025e+01
1.029999999999982929e+00 3.178478625053744899e+00
1.049999999999992273e+00 2.323154082779002483e+00
1.070000000000011386e+00 1.633181222596049365e+00
1.090000000000002744e+00 1.389048075125745685e+00
1.110000000000011200e+00 1.146436958272841311e+00
1.129999999999995897e+00 1.147537407521311170e+00
1.149999999999985922e+00 1.187212304112669425e+00
1.169999999999988383e+00 1.235374373948688653e+00
1.190000000000019265e+00 1.207202438764128694e+00
1.210000000000008624e+00 1.158510170739099676e+00
1.230000000000011307e+00 1.141427765887346846e+00
1.250000000000000000e+00 1.111033495786541314e+00
1.269999999999988471e+00 1.120971068055146125e+00
1.289999999999989599e+00 1.080458996464774613e+00
1.309999999999977405e+00 1.010738904569788765e+00
1.330000000000015170e+00 1.014696577408775502e+00
1.350000000000015410e+00 1.063429306521155970e+00
1.370000000000004103e+00 1.132246862372084717e+00
1.389999999999988356e+00 1.133883032252981815e+00
1.409999999999990816e+00 1.114634280626975116e+00
1.429999999999979066e+00 1.111432510858910261e+00
1.450000000000018163e+00 1.124909264523114905e+00
1.470000000000019957e+00 1.137167946930437212e+00
1.490000000000007541e+00 1.199147922809606470e+00
1.509999999999992459e+00 1.165345782427130716e+00
1.529999999999979599e+00 1.179341685416192220e+00
1.549999999999980282e+00 1.151377429792944662e+00
1.570000000000017382e+00 1.162393085105416057e+00
1.590000000000004077e+00 1.152825119632371997e+00
1.610000000000003206e+00 1.168636701380378451e+00
1.630000000000005889e+00 1.165483843335863412e+00
1.649999999999994804e+00 1.155148279911355491e+00
1.669999999999991935e+00 1.143617701779938045e+00
1.690000000000029479e+00 1.163714744338403495e+00
1.710000000000016618e+00 1.115103006849098799e+00
1.730000000000013305e+00 1.102734472121915665e+00
1.750000000000000000e+00 1.111139250470283502e+00
1.769999999999986695e+00 1.074145864857677379e+00
1.789999999999982494e+00 1.111965935716376475e+00
1.809999999999968745e+00 1.132906964964503160e+00
1.830000000000000737e+00 1.161214094073300007e+00
1.849999999999994760e+00 1.154605042912433266e+00
1.869999999999980789e+00 1.101037280114401939e+00
1.890000000000012337e+00 1.105036613309201776e+00
1.910000000000009912e+00 1.100477553517218876e+00
1.929999999999997717e+00 1.123020980350521336e+00
1.950000000000025047e+00 1.023242096347097840e+00
1.970000000000021956e+00 1.064820223743567995e+00
1.990000000000007763e+00 1.134362249391441591e+00
2.009999999999991793e+00 1.087312894396224916e+00
2.029999999999978044e+00 9.994579395082912043e-01
2.049999999999974065e+00 1.016753793192526123e+00
2.069999999999997620e+00 1.127019782235780365e+00
2.089999999999983871e+00 1.120946261610014760e+00
2.109999999999978559e+00 1.053882497635890259e+00
2.130000000000030536e+00 1.051722774066796262e+00
2.150000000000017231e+00 1.146017946631854301e+00
2.170000000000010587e+00 1.112302375300683988e+00
2.190000000000035474e+00 1.001635261840381874e+00
2.210000000000021281e+00 9.941380832391903954e-01
2.230000000000014193e+00 1.074746039253561269e+00
2.250000000000000000e+00 1.071152842693941398e+00
2.269999999999985807e+00 9.921456916750547306e-01
2.289999999999978275e+00 9.880781108123057876e-01
2.309999999999963638e+00 1.068607097472961120e+00
2.329999999999984972e+00 1.092506246429250760e+00
2.349999999999976552e+00 1.021332290734564774e+00
2.369999999999961915e+00 1.023948024476216467e+00
2.390000000000030322e+00 1.081649816260090269e+00
2.410000000000025011e+00 1.085499548185628438e+00
2.430000000000011262e+00 9.943203114361818251e-01
2.450000000000029488e+00 1.000968890830066682e+00
2.470000000000022844e+00 1.072899903333196292e+00
2.490000000000008207e+00 9.597580673107029003e-01
2.509999999999991793e+00 9.447654723557459278e-01
2.529999999999977156e+00 9.540020060669938129e-01
2.549999999999970068e+00 9.600364221308264057e-01
2.569999999999985629e+00 9.621190725260294618e-01
2.589999999999970992e+00 9.626799853445796584e-01
2.609999999999963460e+00 9.634497139212349071e-01
2.630000000000045191e+00 9.737892892881258033e-01
2.650000000000030997e+00 9.806208564827181284e-01
2.670000000000022133e+00 9.742476264882621306e-01
2.690000000000038582e+00 9.783051927713805052e-01
2.710000000000023945e+00 9.901271390181201060e-01
2.730000000000015081e+00 9.830777288359447974e-01
2.750000000000000000e+00 9.838646693269779142e-01
2.769999999999984919e+00 9.791394816735529139e-01
2.789999999999975611e+00 9.790637114122261453e-01
2.809999999999960529e+00 9.776713580265665726e-01
2.829999999999974758e+00 9.824009519349655717e-01
2.849999999999964562e+00 9.805652209073166814e-01
2.869999999999949036e+00 9.780219089376235297e-01
2.890000000000042757e+00 9.878136291081036635e-01
2.910000000000034781e+00 9.970052907127856523e-01
2.930000000000020144e+00 9.861498984476804175e-01
2.950000000000032152e+00 9.885351234982638902e-01
2.970000000000023288e+00 9.854042740151623958e-01
2.990000000000006430e+00 9.825645043315200944e-01
3.009999999999994902e+00 9.895831729372556174e-01
3.029999999999981153e+00 9.803041027042853628e-01
3.049999999999973621e+00 9.783075406384383887e-01
3.069999999999985185e+00 9.794523148849429983e-01
3.089999999999971436e+00 9.784744167640975210e-01
3.109999999999963904e+00 9.777316914379539092e-01
3.130000000000054960e+00 9.736286045657991384e-01
3.150000000000040323e+00 9.762020097649460881e-01
3.170000000000030127e+00 9.737073284496201575e-01
3.190000000000041247e+00 9.793551811166171239e-01
3.210000000000025722e+00 9.837050252988792653e-01
3.230000000000015525e+00 9.790364182473947352e-01
3.250000000000000000e+00 9.722113259957807507e-01
3.269999999999984475e+00 9.729682775275868556e-01
3.289999999999974278e+00 9.726933586273699417e-01
3.309999999999958753e+00 9.737520695010025706e-01
3.329999999999968097e+00 9.694591719350564851e-01
3.349999999999956568e+00 9.735438037961846591e-01
3.369999999999941043e+00 9.714041861077036266e-01
3.390000000000022773e+00 9.688061260562785826e-01
3.410000000000012133e+00 9.636595106618935924e-01
3.429999999999995719e+00 9.637361674627359376e-01
3.450000000000001954e+00 9.675785571752678615e-01
3.469999999999991758e+00 9.679573956664456746e-01
3.489999999999974012e+00 9.713616845767769625e-01
3.510000000000026432e+00 9.649310062487215234e-01
3.530000000000011795e+00 9.725114313836777935e-01
3.550000000000003375e+00 9.650474717851289519e-01
3.570000000000010054e+00 9.668929654707852928e-01
3.589999999999995861e+00 9.655090604717582181e-01
3.609999999999986109e+00 9.711570822082794541e-01
3.630000000000062510e+00 9.710580907041032050e-01
3.650000000000047429e+00 9.733503343493064008e-01
3.670000000000035900e+00 9.707771171490294781e-01
3.690000000000042579e+00 9.781406248073529763e-01
3.710000000000027054e+00 9.701065097888921240e-01
3.730000000000015525e+00 9.742658961489575331e-01
3.750000000000000000e+00 9.730236984370305153e-01
3.769999999999984475e+00 9.745224723847543125e-01
3.789999999999972946e+00 9.679927477447861639e-01
3.809999999999956533e+00 9.718418858906054947e-01
3.829999999999962768e+00 9.692736803099769594e-01
3.849999999999950351e+00 9.756380964066750927e-01
3.869999999999934381e+00 9.687121437788582812e-01
3.890000000000003233e+00 9.723041538236597559e-01
3.909999999999992149e+00 9.749212866702594571e-01
3.929999999999976179e+00 9.691109390426758674e-01
3.949999999999978861e+00 9.725138019507614251e-01
3.969999999999967333e+00 9.713007085803578855e-01
3.989999999999950475e+00 9.720615472208367080e-01
4.010000000000051301e+00 9.733717793888263525e-01
4.030000000000034888e+00 9.725832408086667602e-01
4.050000000000024691e+00 9.728751251066301009e-01
4.070000000000029594e+00 9.738214218714014159e-01
4.090000000000014069e+00 9.732955796652530411e-01
4.110000000000002984e+00 9.738806213871945561e-01
4.130000000000068283e+00 9.716519636464945320e-01
4.150000000000052758e+00 9.694634335703641304e-01
4.170000000000040785e+00 9.708991588015626339e-01
4.190000000000043912e+00 9.712401313129314095e-01
4.210000000000027498e+00 9.693194782483411931e-01
4.230000000000016414e+00 9.715680235956045685e-01
4.250000000000000000e+00 9.726433387723187884e-01
4.269999999999983586e+00 9.740111087770291221e-01
4.289999999999971614e+00 9.726460504825810149e-01
4.309999999999955200e+00 9.756175400536902798e-01
4.329999999999958327e+00 9.690375860442083100e-01
4.349999999999946354e+00 9.731941461718586206e-01
4.369999999999929940e+00 9.679985062693237108e-01
4.389999999999989022e+00 9.711612787466650243e-01
4.409999999999976161e+00 9.736391887021117464e-01
4.429999999999960636e+00 9.752265397357744448e-01
4.449999999999961098e+00 9.690111035020281260e-01
4.469999999999949125e+00 9.751274438727374205e-01
4.489999999999930935e+00 9.718759117883576382e-01
4.510000000000069065e+00 9.726441758518483693e-01
4.530000000000053539e+00 9.793186479642387310e-01
4.550000000000042455e+00 9.765601198936086913e-01
4.570000000000043805e+00 9.783798976298366812e-01
4.590000000000028280e+00 9.744964419301382907e-01
4.610000000000016307e+00 9.757468638773479919e-01
4.630000000000072724e+00 9.769866446832086160e-01
4.650000000000056311e+00 9.804140171364303935e-01
4.670000000000043450e+00 9.760806457189745711e-01
4.690000000000045688e+00 9.755385498597523020e-01
4.710000000000029274e+00 9.771027408379492352e-01
4.730000000000016414e+00 9.759854224554040947e-01
4.750000000000000000e+00 9.799937445280272330e-01
4.769999999999983586e+00 9.774013386812908655e-01
4.789999999999970726e+00 9.763666749458181915e-01
4.809999999999954312e+00 9.797842087521068111e-01
4.829999999999955662e+00 9.763625561907525174e-01
4.849999999999941913e+00 9.814195679761072988e-01
4.869999999999925500e+00 9.774710180307035756e-01
4.889999999999976588e+00 9.757607440916787889e-01
4.909999999999963727e+00 9.783601834658510743e-01
4.929999999999947313e+00 9.793909768570110419e-01
4.949999999999945999e+00 9.775923008305960060e-01
4.969999999999934026e+00 9.799879203472645628e-01
4.989999999999915836e+00 9.820831219233691067e-01
5.010000000000084164e+00 9.836358241087951315e-01
5.030000000000068638e+00 9.844094617918627277e-01
5.050000000000055778e+00 9.832630879844995730e-01
5.070000000000055351e+00 9.818762910598636262e-01
5.090000000000039826e+00 9.822871284101218903e-01
5.110000000000027853e+00 9.800347310362287345e-01
5.130000000000076277e+00 9.853517688201559599e-01
5.150000000000059863e+00 9.811233213133844222e-01
5.170000000000046114e+00 9.872014815712804037e-01
5.190000000000045688e+00 9.834815870623168088e-01
5.210000000000030163e+00 9.830301377716490485e-01
5.230000000000016414e+00 9.842820632989580654e-01
5.250000000000000000e+00 9.865937820255623603e-01
5.269999999999983586e+00 9.847604974716226423e-01
5.289999999999969837e+00 9.873719179044140315e-01
5.309999999999953424e+00 9.867605528891505440e-01
5.329999999999952998e+00 9.856052487949753527e-01
5.349999999999938360e+00 9.876426115780635451e-01
5.369999999999922835e+00 9.888919819325266980e-01
5.389999999999966818e+00 9.849628857279975058e-01
5.409999999999953957e+00 9.876796329864414581e-01
5.429999999999937543e+00 9.888762688018972735e-01
5.449999999999934452e+00 9.864455007337489256e-01
5.469999999999921592e+00 9.864403573610199816e-01
5.489999999999904290e+00 9.873246135956782465e-01
5.510000000000096598e+00 9.869625580104435247e-01
5.530000000000080185e+00 9.896293463297903825e-01
5.550000000000067324e+00 9.934551989589033294e-01
5.570000000000065121e+00 9.876931958154930857e-01
5.590000000000049596e+00 9.913321360387008507e-01
5.610000000000036735e+00 9.898375879800104249e-01
5.630000000000079829e+00 9.917467704947477980e-01
5.650000000000062528e+00 9.886259804135500984e-01
5.670000000000048779e+00 9.917602998029779737e-01
5.690000000000047464e+00 9.871991659160472832e-01
5.710000000000030163e+00 9.895741322125546358e-01
5.730000000000016414e+00 9.893175081880810628e-01
5.750000000000000000e+00 9.892721442385938868e-01
5.769999999999983586e+00 9.913923713608288057e-01
5.789999999999969837e+00 9.925375450703309843e-01
5.809999999999952536e+00 9.928877697292224358e-01
5.829999999999950333e+00 9.945038065239157898e-01
5.849999999999936584e+00 9.919377743040106443e-01
5.869999999999920171e+00 9.917729255683190859e-01
5.889999999999958824e+00 9.944995127839799665e-01
5.909999999999945075e+00 9.941838532512105031e-01
5.929999999999928662e+00 9.965001461813693950e-01
5.949999999999924682e+00 9.953509212973402631e-01
5.969999999999913598e+00 9.960054036444476733e-01
5.989999999999893632e+00 9.967984711208750515e-01
