9.999999999999842348e-03 0.000000000000000000e+00
3.000000000000019318e-02 0.000000000000000000e+00
4.999999999999982930e-02 0.000000000000000000e+00
7.000000000000025646e-02 0.000000000000000000e+00
9.000000000000182854e-02 0.000000000000000000e+00
1.099999999999995010e-01 0.000000000000000000e+00
1.299999999999989220e-01 0.000000000000000000e+00
1.500000000000021316e-01 0.000000000000000000e+00
1.700000000000006228e-01 0.000000000000000000e+00
1.899999999999983369e-01 0.000000000000000000e+00
2.099999999999997979e-01 0.000000000000000000e+00
2.299999999999977895e-01 0.000000000000000000e+00
2.500000000000000000e-01 0.000000000000000000e+00
2.700000000000034039e-01 0.000000000000000000e+00
2.899999999999979816e-01 0.000000000000000000e+00
3.100000000000018852e-01 0.000000000000000000e+00
3.300000000000047895e-01 0.000000000000000000e+00
3.499999999999983125e-01 0.000000000000000000e+00
3.700000000000032707e-01 0.000000000000000000e+00
3.899999999999921863e-01 0.000000000000000000e+00
4.100000000000032507e-01 0.000000000000000000e+00
4.300000000000054889e-01 0.000000000000000000e+00
4.499999999999934053e-01 0.000000000000000000e+00
4.700000000000080780e-01 0.000000000000000000e+00
4.900000000000054312e-01 0.000000000000000000e+00
5.099999999999944578e-01 0.000000000000000000e+00
5.299999999999898126e-01 0.000000000000000000e+00
5.500000000000074829e-01 0.000000000000000000e+00
5.699999999999941780e-01 0.000000000000000000e+00
5.899999999999900879e-01 0.000000000000000000e+00
6.100000000000099787e-01 0.000000000000000000e+00
6.299999999999962297e-01 0.000000000000000000e+00
6.499999999999904743e-01 0.000000000000000000e+00
6.700000000000030376e-01 0.000000000000000000e+00
6.900000000000020561e-01 0.000000000000000000e+00
7.099999999999955236e-01 0.000000000000000000e+00
7.300000000000083089e-01 0.000000000000000000e+00
7.500000000000000000e-01 0.000000000000000000e+00
7.699999999999913580e-01 0.000000000000000000e+00
7.900000000000002576e-01 0.000000000000000000e+00
8.099999999999901723e-01 0.000000000000000000e+00
8.300000000000054001e-01 0.000000000000000000e+00
8.500000000000126343e-01 0.000000000000000000e+00
8.700000000000039924e-01 0.000000000000000000e+00
8.899999999999889111e-01 0.000000000000000000e+00
9.099999999999982547e-01 0.000000000000000000e+00
9.299999999999883915e-01 2.804239080169464312e-04
9.500000000000096145e-01 2.250439685300013870e-01
9.700000000000179590e-01 5.530279666724888799e-01
9.900000000000072076e-01 1.021878980432420425e+00
1.009999999999992681e+00 3.035162622984567182e+00
1.029999999999981597e+00 2.337751678338313432e+00
1.049999999999986944e+00 2.027397863864704775e+00
1.070000000000016716e+00 1.687300158643698422e+00
1.090000000000006741e+00 1.503506267474834512e+00
1.110000000000011422e+00 1.292215666106331540e+00
1.129999999999995897e+00 1.222642429608230552e+00
1.149999999999984812e+00 1.179129462159722808e+00
1.169999999999984386e+00 1.151848972765157741e+00
1.190000000000024150e+00 1.105750254992101667e+00
1.210000000000012399e+00 1.096005012374104082e+00
1.230000000000012195e+00 1.121124463900645019e+00
1.250000000000000000e+00 1.111583405720774520e+00
1.269999999999987583e+00 1.080879397927481111e+00
1.289999999999986047e+00 1.064793624062544408e+00
1.309999999999972964e+00 1.052146816474080371e+00
1.330000000000014282e+00 1.058421125572377441e+00
1.350000000000010303e+00 1.062879732087492091e+00
1.369999999999996554e+00 1.055334434775805352e+00
1.389999999999997238e+00 1.030029706724405969e+00
1.409999999999998144e+00 1.012826122836956610e+00
1.429999999999987059e+00 9.996149404673663197e-01
1.450000000000021938e+00 9.939637672312899852e-01
1.470000000000021068e+00 9.808399886571337323e-01
1.490000000000007763e+00 9.710950694757140012e-01
1.509999999999992237e+00 9.833256438355686413e-01
1.529999999999978710e+00 9.765606053161988154e-01
1.549999999999976730e+00 9.646865240780817530e-01
1.570000000000006057e+00 9.662428457114573543e-01
1.589999999999992308e+00 9.794660989568321208e-01
1.609999999999988773e+00 9.860116450092775153e-01
1.630000000000020322e+00 9.819012390669230594e-01
1.650000000000008127e+00 9.910269078254124731e-01
1.670000000000003260e+00 9.694324213982471461e-01
1.690000000000033031e+00 9.614846267385165346e-01
1.710000000000019282e+00 9.722047883825879477e-01
1.730000000000013971e+00 9.703594251578813168e-01
1.750000000000000000e+00 9.747432146909661421e-01
1.769999999999986029e+00 9.672706720847826789e-01
1.789999999999979829e+00 9.476237053524290133e-01
1.809999999999965636e+00 9.443587208311323700e-01
1.829999999999990523e+00 9.708485993939472980e-01
1.849999999999982769e+00 9.828253386024826677e-01
1.869999999999968354e+00 1.005833835351430672e+00
1.890000000000024549e+00 1.002041586052645039e+00
1.910000000000019904e+00 1.004728945485005243e+00
1.930000000000006821e+00 9.929473656621097266e-01
1.950000000000027933e+00 9.608834539994706159e-01
1.970000000000022844e+00 9.584841081878675562e-01
1.990000000000007985e+00 1.008659410658253375e+00
2.009999999999991793e+00 9.991206381000541370e-01
2.029999999999977156e+00 9.460642757586649187e-01
2.049999999999971401e+00 9.547744196159129171e-01
2.069999999999989182e+00 1.010158735982429778e+00
2.089999999999974545e+00 1.007620632873606370e+00
2.109999999999967901e+00 9.534051313770302016e-01
2.130000000000041194e+00 9.469507598290113348e-01
2.150000000000027445e+00 9.801753847400088704e-01
2.170000000000019469e+00 9.782409337056436893e-01
2.190000000000038138e+00 9.311742911961369273e-01
2.210000000000023501e+00 9.288579407868847726e-01
2.230000000000014637e+00 9.843688090273469138e-01
2.250000000000000000e+00 9.820864967722455763e-01
2.269999999999985363e+00 9.407858151352403997e-01
2.289999999999976499e+00 9.423147416411693511e-01
2.309999999999960973e+00 9.926764633119673498e-01
2.329999999999976978e+00 9.838481852888079082e-01
2.349999999999967226e+00 9.376152394687379266e-01
2.369999999999951701e+00 9.357791115558364847e-01
2.390000000000040092e+00 9.921730478334445102e-01
2.410000000000033005e+00 9.966204908053637457e-01
2.430000000000018368e+00 9.344918710489450442e-01
2.450000000000031708e+00 9.335045321070624125e-01
2.470000000000023732e+00 9.645333548294245940e-01
2.490000000000008207e+00 9.568234018509973460e-01
2.509999999999991793e+00 9.903525145696743248e-01
2.529999999999976268e+00 9.877235834511085555e-01
2.549999999999967848e+00 9.883970908118444587e-01
2.569999999999980300e+00 9.864623450788833070e-01
2.589999999999966551e+00 9.879331236137344208e-01
2.609999999999959464e+00 9.889013352866565798e-01
2.630000000000054072e+00 9.924961455277792055e-01
2.650000000000039435e+00 9.965471437815138778e-01
2.670000000000029239e+00 9.895601247242798992e-01
2.690000000000040803e+00 9.934094391224003173e-01
2.710000000000025722e+00 9.908552637195944257e-01
2.730000000000015525e+00 9.930920438870911582e-01
2.750000000000000000e+00 9.928563811629146363e-01
2.769999999999984475e+00 9.902669425506570589e-01
2.789999999999974278e+00 9.901234944265451254e-01
2.809999999999958309e+00 9.906885799365223733e-01
2.829999999999968097e+00 9.878317588125712367e-01
2.849999999999957456e+00 9.856500512196234576e-01
2.869999999999941487e+00 9.876615061316039723e-01
2.890000000000024105e+00 9.846152629540692036e-01
2.910000000000013465e+00 9.927239933987832554e-01
2.929999999999997051e+00 9.889819050924248955e-01
2.950000000000003730e+00 9.852998621003219437e-01
2.969999999999992202e+00 9.855095272203714396e-01
2.989999999999975344e+00 9.905739888947642235e-01
3.010000000000025988e+00 9.925688507014671647e-01
3.030000000000011795e+00 9.866842328375338145e-01
3.050000000000002487e+00 9.919753369070596349e-01
3.070000000000010054e+00 9.909873084503607599e-01
3.089999999999995861e+00 9.893116775200452295e-01
3.109999999999986553e+00 9.878578451939448168e-01
3.130000000000062510e+00 9.882121313800388274e-01
3.150000000000047429e+00 9.848454007277609445e-01
3.170000000000035900e+00 9.928289387267932309e-01
3.190000000000043023e+00 9.873928562154167254e-01
3.210000000000027498e+00 9.885726860306218722e-01
3.230000000000015969e+00 9.902707255758260718e-01
3.250000000000000000e+00 9.899049553813057400e-01
3.269999999999984031e+00 9.867792760512477113e-01
3.289999999999972502e+00 9.860045732279856256e-01
3.309999999999956977e+00 9.903346621269832895e-01
3.329999999999962323e+00 9.857319632014013289e-01
3.349999999999949907e+00 9.913477836770253626e-01
3.369999999999933937e+00 9.920200362677912276e-01
3.390000000000001901e+00 9.889013233068315589e-01
3.409999999999990372e+00 9.903178263463132680e-01
3.429999999999973515e+00 9.938277054101085639e-01
3.449999999999976641e+00 9.893607020445658318e-01
3.469999999999965112e+00 9.959126589533496832e-01
3.489999999999947367e+00 9.906284106448483007e-01
3.510000000000053078e+00 9.927822599190022634e-01
3.530000000000037552e+00 9.922389276690551929e-01
3.550000000000028244e+00 9.904669304818297659e-01
3.570000000000031370e+00 9.934794616401817491e-01
3.590000000000016733e+00 9.908306399617567983e-01
3.610000000000005649e+00 9.911572140810753773e-01
3.630000000000068727e+00 9.904997861015997218e-01
3.650000000000053646e+00 9.922841288622012978e-01
3.670000000000040785e+00 9.913056724965855215e-01
3.690000000000044356e+00 9.956233670532830260e-01
3.710000000000028386e+00 9.902713279134011115e-01
3.730000000000015969e+00 9.933270594721645974e-01
3.750000000000000000e+00 9.933948537837815618e-01
3.769999999999984031e+00 9.956886394191009071e-01
3.789999999999971614e+00 9.915331748655494826e-01
3.809999999999955200e+00 9.957910237639278073e-01
3.829999999999957883e+00 9.878489115520801001e-01
3.849999999999945022e+00 9.921986188535922846e-01
3.869999999999928164e+00 9.934422330012959712e-01
3.889999999999985025e+00 9.924600402490235673e-01
3.909999999999973053e+00 9.951393057113108176e-01
3.929999999999956639e+00 9.926874683495594542e-01
3.949999999999956657e+00 9.966823797260847551e-01
3.969999999999944240e+00 9.962868772341013646e-01
3.989999999999926938e+00 9.914431522407012309e-01
4.010000000000074394e+00 9.941307872425421133e-01
4.030000000000057980e+00 9.948943732054936762e-01
4.050000000000046896e+00 9.950295544916014645e-01
4.070000000000048246e+00 9.922031565843223433e-01
4.090000000000032720e+00 9.936558463515270390e-01
4.110000000000020748e+00 9.950677994285049843e-01
4.130000000000073612e+00 9.936187628646222514e-01
4.150000000000058087e+00 9.961059266081607744e-01
4.170000000000045226e+00 9.931463767364251405e-01
4.190000000000045688e+00 9.946464216161265970e-01
4.210000000000029274e+00 9.936893426163592169e-01
4.230000000000016414e+00 9.953708654491889574e-01
4.250000000000000000e+00 9.978630632163804082e-01
4.269999999999983586e+00 9.934646435724281410e-01
4.289999999999970726e+00 9.924600509788843450e-01
4.309999999999954312e+00 9.959724908587371806e-01
4.329999999999953886e+00 9.945912858431461556e-01
4.349999999999941025e+00 9.962286057973123166e-01
4.369999999999924611e+00 9.947385222830853468e-01
4.389999999999972147e+00 9.965894511104455011e-01
4.409999999999959286e+00 9.961859370624852605e-01
4.429999999999942872e+00 9.916062725867010874e-01
4.449999999999941558e+00 9.952503944138897385e-01
4.469999999999927809e+00 9.972432359686086434e-01
4.489999999999910507e+00 9.971447482447338695e-01
4.510000000000090381e+00 9.961239755375198568e-01
4.530000000000073079e+00 9.965833981644039996e-01
4.550000000000061107e+00 9.960894603866098374e-01
4.570000000000060680e+00 9.962023979665833862e-01
4.590000000000044267e+00 9.924303554317114306e-01
4.610000000000032294e+00 9.931303032518901119e-01
4.630000000000078053e+00 9.944124953883611839e-01
4.650000000000061640e+00 9.938590998878263916e-01
4.670000000000047891e+00 9.972067995498682391e-01
4.690000000000046576e+00 9.962733744568239569e-01
4.710000000000030163e+00 9.963453617953227370e-01
4.730000000000016414e+00 9.963566594304646973e-01
4.750000000000000000e+00 9.968226412819305438e-01
4.769999999999983586e+00 9.939667529177326211e-01
4.789999999999969837e+00 9.983840348938450848e-01
4.809999999999953424e+00 9.949316380637431845e-01
4.829999999999951221e+00 9.967587281567150681e-01
4.849999999999937472e+00 9.963812786428695167e-01
4.869999999999921059e+00 9.966022742105393739e-01
4.889999999999962377e+00 9.965347730708021823e-01
4.909999999999948628e+00 9.986003904267166664e-01
4.929999999999932214e+00 9.986138604575787170e-01
4.949999999999928235e+00 9.978540719552356775e-01
4.969999999999915374e+00 9.961491601682868069e-01
4.989999999999897184e+00 9.968863641219849470e-01
5.010000000000102816e+00 9.941496289293668687e-01
5.030000000000086402e+00 9.992704234366234228e-01
5.050000000000073541e+00 9.964802637838406918e-01
5.070000000000070450e+00 9.988964374748033892e-01
5.090000000000054925e+00 9.969899175786760548e-01
5.110000000000041176e+00 9.968251452628158482e-01
5.130000000000080718e+00 9.990381166692779979e-01
5.150000000000060751e+00 9.971501180290560651e-01
5.170000000000049667e+00 9.967659052242739959e-01
5.190000000000040359e+00 9.996500546637456797e-01
5.210000000000031051e+00 9.970564001630486395e-01
5.230000000000006644e+00 9.937016468650464729e-01
5.250000000000000000e+00 9.966943565280482753e-01
5.269999999999996909e+00 9.976306508470658141e-01
5.289999999999968949e+00 9.959813219384086036e-01
5.309999999999968523e+00 1.000582268353546578e+00
5.329999999999950333e+00 9.975781546359785423e-01
5.349999999999955236e+00 9.963043592538795012e-01
5.369999999999918394e+00 9.972625253474152185e-01
5.389999999999977476e+00 9.979937200383324214e-01
5.409999999999940634e+00 9.957283684188037443e-01
5.429999999999949090e+00 9.981976533669645324e-01
5.449999999999919353e+00 9.988744016908402967e-01
5.469999999999934026e+00 9.963385342369311948e-01
5.489999999999887415e+00 9.985126873637857337e-01
5.510000000000112585e+00 9.978233303156568423e-01
5.530000000000062421e+00 9.977650045486642361e-01
5.550000000000083311e+00 9.983950130356850083e-01
5.570000000000042029e+00 9.956348438862745454e-01
5.590000000000062919e+00 9.983902501405498287e-01
5.610000000000008313e+00 9.971368087096880162e-01
5.630000000000083382e+00 9.974936012616615333e-01
5.650000000000023448e+00 9.970134523957929762e-01
5.670000000000052331e+00 9.970629758552302935e-01
5.690000000000002167e+00 9.966286845621377122e-01
5.710000000000031051e+00 9.973975157464859409e-01
5.729999999999967564e+00 9.980530421369374627e-01
5.750000000000000000e+00 9.968735996107320751e-01
5.770000000000035989e+00 9.987608827931122590e-01
5.789999999999968949e+00 1.000476797346112612e+00
5.810000000000005826e+00 9.978601418689283520e-01
5.829999999999947669e+00 9.973124028265607510e-01
5.849999999999989875e+00 9.994746201129838248e-01
5.869999999999915730e+00 9.986531569436383204e-01
5.890000000000006786e+00 9.972283084824659083e-01
5.909999999999932641e+00 9.968456380335055655e-01
5.929999999999978400e+00 9.946051977477964323e-01
5.949999999999910472e+00 9.937507553209586897e-01
5.969999999999960671e+00 9.958049011402037021e-01
5.989999999999878533e+00 9.973133208352605861e-01
