9.999999999999864900e-03 0.000000000000000000e+00
2.999999999999979419e-02 0.000000000000000000e+00
5.000000000000047462e-02 0.000000000000000000e+00
7.000000000000024258e-02 0.000000000000000000e+00
9.000000000000117628e-02 0.000000000000000000e+00
1.099999999999995287e-01 0.000000000000000000e+00
1.300000000000003930e-01 0.000000000000000000e+00
1.500000000000006328e-01 0.000000000000000000e+00
1.700000000000014000e-01 0.000000000000000000e+00
1.899999999999985867e-01 0.000000000000000000e+00
2.099999999999975220e-01 0.000000000000000000e+00
2.300000000000011480e-01 0.000000000000000000e+00
2.500000000000000000e-01 0.000000000000000000e+00
2.700000000000005729e-01 0.000000000000000000e+00
2.900000000000004796e-01 0.000000000000000000e+00
3.100000000000017186e-01 0.000000000000000000e+00
3.300000000000029021e-01 0.000000000000000000e+00
3.499999999999964806e-01 0.000000000000000000e+00
3.700000000000027711e-01 0.000000000000000000e+00
3.899999999999946287e-01 0.000000000000000000e+00
4.099999999999970890e-01 0.000000000000000000e+00
4.300000000000049338e-01 0.000000000000000000e+00
4.499999999999954037e-01 0.000000000000000000e+00
4.699999999999999734e-01 0.000000000000000000e+00
4.900000000000038769e-01 0.000000000000000000e+00
5.099999999999959011e-01 0.000000000000000000e+00
5.299999999999970290e-01 0.000000000000000000e+00
5.500000000000058176e-01 0.000000000000000000e+00
5.699999999999946221e-01 0.000000000000000000e+00
5.899999999999964162e-01 0.000000000000000000e+00
6.100000000000084244e-01 0.000000000000000000e+00
6.299999999999965627e-01 0.000000000000000000e+00
6.499999999999959144e-01 0.000000000000000000e+00
6.700000000000013722e-01 0.000000000000000000e+00
6.899999999999980593e-01 0.000000000000000000e+00
7.099999999999943023e-01 0.000000000000000000e+00
7.300000000000040901e-01 0.000000000000000000e+00
7.500000000000000000e-01 0.000000000000000000e+00
7.699999999999952438e-01 0.000000000000000000e+00
7.900000000000071410e-01 0.000000000000000000e+00
8.100000000000020517e-01 0.000000000000000000e+00
8.299999999999957412e-01 0.000000000000000000e+00
8.500000000000084155e-01 0.000000000000000000e+00
8.700000000000037703e-01 0.000000000000000000e+00
8.899999999999900213e-01 0.000000000000000000e+00
9.100000000000109113e-01 0.000000000000000000e+00
9.300000000000046008e-01 0.000000000000000000e+00
9.499999999999945155e-01 5.572379541816706652e-03
9.700000000000139622e-01 7.907623459082094297e-02
9.900000000000064304e-01 4.691180276083065648e-01
1.009999999999993570e+00 2.829550397017336039e+01
1.029999999999985150e+00 3.155943752398398860e+00
1.050000000000000711e+00 2.120057356587508490e+00
1.070000000000002727e+00 1.344984467559263708e+00
1.089999999999996083e+00 1.189852851828200109e+00
1.110000000000010534e+00 9.563033311028762418e-01
1.129999999999996119e+00 9.204323675623929946e-01
1.149999999999987921e+00 1.044348642294139040e+00
1.169999999999995044e+00 1.110560125332002324e+00
1.190000000000011493e+00 1.137859364641951254e+00
1.210000000000002407e+00 1.299596106571918597e+00
1.230000000000009752e+00 1.267240047242384149e+00
1.250000000000000000e+00 1.327232904933461466e+00
1.269999999999989804e+00 1.354742528815907843e+00
1.289999999999995373e+00 1.355371564037006538e+00
1.309999999999984510e+00 1.313901440802210274e+00
1.330000000000009397e+00 1.253730184672316561e+00
1.350000000000013634e+00 1.234776234472837686e+00
1.370000000000003881e+00 1.269095842118957096e+00
1.389999999999988800e+00 1.264608790573605202e+00
1.409999999999995701e+00 1.277640618869409828e+00
1.429999999999985505e+00 1.243264688032713838e+00
1.450000000000011946e+00 1.336472271983789595e+00
1.470000000000018403e+00 1.214369032023069339e+00
1.490000000000007319e+00 1.258263098504312838e+00
1.509999999999992681e+00 1.357403366262476707e+00
1.529999999999981153e+00 1.369530637440055099e+00
1.549999999999985834e+00 1.228345580738235299e+00
1.570000000000017604e+00 1.235624734133279556e+00
1.590000000000007185e+00 1.251525567698705821e+00
1.610000000000011644e+00 1.267934288837315515e+00
1.629999999999995897e+00 1.373220247301057739e+00
1.649999999999984812e+00 1.394563470366835478e+00
1.669999999999984164e+00 1.390534955077311841e+00
1.690000000000024150e+00 1.340619451130839801e+00
1.710000000000012399e+00 1.416902969570765114e+00
1.730000000000012195e+00 1.404473451528539529e+00
1.750000000000000000e+00 1.410010394685659252e+00
1.769999999999987583e+00 1.341514458224382089e+00
1.789999999999986491e+00 1.289256610363336719e+00
1.809999999999973852e+00 1.289416806850184560e+00
1.830000000000017168e+00 1.284263084620029804e+00
1.850000000000013856e+00 1.343142141891603414e+00
1.870000000000000995e+00 1.268110197537814843e+00
1.889999999999992797e+00 1.340199589583822348e+00
1.909999999999993925e+00 1.291695448662406598e+00
1.929999999999983062e+00 1.228442711353703753e+00
1.950000000000020384e+00 1.181631841418481210e+00
1.970000000000020846e+00 1.178566540618499081e+00
1.990000000000007541e+00 1.300642650422590529e+00
2.009999999999992237e+00 1.165343615516590825e+00
2.029999999999979376e+00 1.009184788861379412e+00
2.049999999999978506e+00 9.874912299954489159e-01
2.070000000000011386e+00 1.116565606807212729e+00
2.089999999999998526e+00 1.145232310575048817e+00
2.109999999999996323e+00 1.035266160271114178e+00
2.130000000000012772e+00 1.055868052068493990e+00
2.150000000000000799e+00 1.193939549694629676e+00
2.169999999999996820e+00 1.188536202325723323e+00
2.190000000000031033e+00 1.123776163711820653e+00
2.210000000000017728e+00 1.046654455648226678e+00
2.230000000000013305e+00 1.139418398722759962e+00
2.250000000000000000e+00 1.144605038863619084e+00
2.269999999999986695e+00 1.084762832470700822e+00
2.289999999999981828e+00 1.096665515801719781e+00
2.309999999999967635e+00 1.167294618531774963e+00
2.329999999999997851e+00 1.137125788017782302e+00
2.349999999999991651e+00 1.057685707955411836e+00
2.369999999999977458e+00 1.034832022833982235e+00
2.390000000000014779e+00 1.146661876436852801e+00
2.410000000000012577e+00 1.162831519536144054e+00
2.429999999999999716e+00 1.075364433057421021e+00
2.450000000000025935e+00 1.076116934736782715e+00
2.470000000000021956e+00 1.242058212848415666e+00
2.490000000000007763e+00 1.020964145218636876e+00
2.509999999999992237e+00 8.745081587917775678e-01
2.529999999999978044e+00 8.951032736172688242e-01
2.549999999999973621e+00 8.991183744311330717e-01
2.569999999999996732e+00 9.356007454295869330e-01
2.589999999999982538e+00 9.422405673538163384e-01
2.609999999999977671e+00 9.331549275606650928e-01
2.630000000000030980e+00 9.539568248774045189e-01
2.650000000000017675e+00 9.528461283474467525e-01
2.670000000000011031e+00 9.685735190922835081e-01
2.690000000000035030e+00 9.509398620271433122e-01
2.710000000000021281e+00 9.489162440788133646e-01
2.730000000000014193e+00 9.645886217542296581e-01
2.750000000000000000e+00 9.680912278470716892e-01
2.769999999999985807e+00 9.567928963343111937e-01
2.789999999999978719e+00 9.746415092285359849e-01
2.809999999999964082e+00 9.707373921583219989e-01
2.829999999999985416e+00 9.697620177013589471e-01
2.849999999999976996e+00 9.747488979952251276e-01
2.869999999999962359e+00 9.622062574505042543e-01
2.890000000000029878e+00 9.579504496106719946e-01
2.910000000000024123e+00 9.692676038280193529e-01
2.930000000000010374e+00 9.682383444342238521e-01
2.950000000000029043e+00 9.596508373982356455e-01
2.970000000000022844e+00 9.694977242726845468e-01
2.990000000000007763e+00 9.499054667355074644e-01
3.009999999999991793e+00 9.546157930208182263e-01
3.029999999999977156e+00 9.643046740943206352e-01
3.049999999999970512e+00 9.578909258382999337e-01
3.069999999999986962e+00 9.502315393923298492e-01
3.089999999999972324e+00 9.570627032776940490e-01
3.109999999999965237e+00 9.501492827118619422e-01
3.130000000000043414e+00 9.534320783581565761e-01
3.150000000000029221e+00 9.478067524030672208e-01
3.170000000000020801e+00 9.375919189696058087e-01
3.190000000000038582e+00 9.410373095405032418e-01
3.210000000000023501e+00 9.463501810946423065e-01
3.230000000000015081e+00 9.443345291962225163e-01
3.250000000000000000e+00 9.482321244814848615e-01
3.269999999999984919e+00 9.499795804109233410e-01
3.289999999999976055e+00 9.394386397898244478e-01
3.309999999999960973e+00 9.437274595515419140e-01
3.329999999999976978e+00 9.365383810401527453e-01
3.349999999999967226e+00 9.456353213931082413e-01
3.369999999999951701e+00 9.481420852333493077e-01
3.390000000000040092e+00 9.500204688840958589e-01
3.410000000000032561e+00 9.396972394284179853e-01
3.430000000000017923e+00 9.415130296439725432e-01
3.450000000000031264e+00 9.352302072170113334e-01
3.470000000000023732e+00 9.382411105949187702e-01
3.490000000000008207e+00 9.364440439819774475e-01
3.509999999999991793e+00 9.272063367380403154e-01
3.529999999999976268e+00 9.434557373406429193e-01
3.549999999999968292e+00 9.360368278585002866e-01
3.569999999999979856e+00 9.412816789712928900e-01
3.589999999999964775e+00 9.323572699766393690e-01
3.609999999999955911e+00 9.438881958012648177e-01
3.630000000000052296e+00 9.453529440446768461e-01
3.650000000000037659e+00 9.409785838640501998e-01
3.670000000000027462e+00 9.395331572935795572e-01
3.690000000000039915e+00 9.423543472513410402e-01
3.710000000000025278e+00 9.363009421528047937e-01
3.730000000000015081e+00 9.446731272220713072e-01
3.750000000000000000e+00 9.456612114529997504e-01
3.769999999999984919e+00 9.474137894514512714e-01
3.789999999999974722e+00 9.422229647767509375e-01
3.809999999999959197e+00 9.466423851965328762e-01
3.829999999999970761e+00 9.467994407142473756e-01
3.849999999999959677e+00 9.478317331540161428e-01
3.869999999999944151e+00 9.469015661320562272e-01
3.890000000000032099e+00 9.467325611579190392e-01
3.910000000000022791e+00 9.457603858504507466e-01
3.930000000000007265e+00 9.432423019888347415e-01
3.950000000000014833e+00 9.445328096269355322e-01
3.970000000000004636e+00 9.521795126951672072e-01
3.989999999999988223e+00 9.503174247378953776e-01
4.010000000000013110e+00 9.481622499009864091e-01
4.029999999999998472e+00 9.485142011820232311e-01
4.049999999999990052e+00 9.508038684708414179e-01
4.069999999999999396e+00 9.489436253307546032e-01
4.089999999999984759e+00 9.498747531527822474e-01
4.109999999999975451e+00 9.498578330605311759e-01
4.130000000000059401e+00 9.486334403310845431e-01
4.150000000000043876e+00 9.509046665490703543e-01
4.170000000000033680e+00 9.538415505888950818e-01
4.190000000000041247e+00 9.539439892917565000e-01
4.210000000000025722e+00 9.554435153442010220e-01
4.230000000000015525e+00 9.495910968922546269e-01
4.250000000000000000e+00 9.561871285040094426e-01
4.269999999999984475e+00 9.524123572698630635e-01
4.289999999999973390e+00 9.523497509402252259e-01
4.309999999999957865e+00 9.574580595377256698e-01
4.329999999999965432e+00 9.636919422094923915e-01
4.349999999999954348e+00 9.506856710842893632e-01
4.369999999999938822e+00 9.530284727558908653e-01
4.390000000000014779e+00 9.552427423372844562e-01
4.410000000000003695e+00 9.578169952597274106e-01
4.429999999999988169e+00 9.590772395297157971e-01
4.449999999999993072e+00 9.543235341083254886e-01
4.469999999999981988e+00 9.557778643793206630e-01
4.489999999999964686e+00 9.528523749825222877e-01
4.510000000000036202e+00 9.522307477432849776e-01
4.530000000000020677e+00 9.603822857451442818e-01
4.550000000000011369e+00 9.609962464808510241e-01
4.570000000000017160e+00 9.584948680241276442e-01
4.590000000000001634e+00 9.576093674658285870e-01
4.609999999999991438e+00 9.599837629230587588e-01
4.630000000000064730e+00 9.573322368104569824e-01
4.650000000000049205e+00 9.598619323939860948e-01
4.670000000000037232e+00 9.582824120909403387e-01
4.690000000000043023e+00 9.666423962364376621e-01
4.710000000000027498e+00 9.615281614248198938e-01
4.730000000000015525e+00 9.698331081576520019e-01
4.750000000000000000e+00 9.673902279335651055e-01
4.769999999999984475e+00 9.648118208629460346e-01
4.789999999999972502e+00 9.676294692250337892e-01
4.809999999999956977e+00 9.675142926131269361e-01
4.829999999999961879e+00 9.653596924165727122e-01
4.849999999999949019e+00 9.748029669167533884e-01
4.869999999999933493e+00 9.696711883192451475e-01
4.889999999999999680e+00 9.687999105381522869e-01
4.909999999999988596e+00 9.663560305222582691e-01
4.929999999999972182e+00 9.706320925204219296e-01
4.949999999999974420e+00 9.728816155086164041e-01
4.969999999999963336e+00 9.686430036153044210e-01
4.989999999999946034e+00 9.671441258839987842e-01
5.010000000000054854e+00 9.719567089468161836e-01
5.030000000000038440e+00 9.775908580642094226e-01
5.050000000000028244e+00 9.767354093033341345e-01
5.070000000000031370e+00 9.761926697257118368e-01
5.090000000000016733e+00 9.775269260725335529e-01
5.110000000000005649e+00 9.691908630383569978e-01
5.130000000000069171e+00 9.759944122936239363e-01
5.150000000000052758e+00 9.771823892043881576e-01
5.170000000000040785e+00 9.749978264937305683e-01
5.190000000000043912e+00 9.738051136854991574e-01
5.210000000000028386e+00 9.809725283320593903e-01
5.230000000000015525e+00 9.761842758652824470e-01
5.250000000000000000e+00 9.729626019083806865e-01
5.269999999999984475e+00 9.781262550059091065e-01
5.289999999999971614e+00 9.782258988343869310e-01
5.309999999999955200e+00 9.758675696298491076e-01
5.329999999999958327e+00 9.778967193481709064e-01
5.349999999999945466e+00 9.804170999931581809e-01
5.369999999999929940e+00 9.791172289051214284e-01
5.389999999999988134e+00 9.773566820628156737e-01
5.409999999999976161e+00 9.753882160820612768e-01
5.429999999999959748e+00 9.752984547937940674e-01
5.449999999999961098e+00 9.761973434956320306e-01
5.469999999999948237e+00 9.739232851178269978e-01
5.489999999999931823e+00 9.771102826016779819e-01
5.510000000000069065e+00 9.826013064345616721e-01
5.530000000000053539e+00 9.760969871701522527e-01
5.550000000000041567e+00 9.828300273461161307e-01
5.570000000000043805e+00 9.814871804039786429e-01
5.590000000000027391e+00 9.794637051075653078e-01
5.610000000000016307e+00 9.798914383592729482e-01
5.630000000000072724e+00 9.785843433445022832e-01
5.650000000000056311e+00 9.824183790460324639e-01
5.670000000000043450e+00 9.786051206858090712e-01
5.690000000000045688e+00 9.862544417032114152e-01
5.710000000000029274e+00 9.837463768623827542e-01
5.730000000000015525e+00 9.838280699779142768e-01
5.750000000000000000e+00 9.868229082128404661e-01
5.769999999999984475e+00 9.867645475793993537e-01
5.789999999999970726e+00 9.908675356245096877e-01
5.809999999999954312e+00 9.840554354368791223e-01
5.829999999999955662e+00 9.902128541043586640e-01
5.849999999999942801e+00 9.823847834274238577e-01
5.869999999999926388e+00 9.859109681161704053e-01
5.889999999999978364e+00 9.826961606093504997e-01
5.909999999999965503e+00 9.871987093977817596e-01
5.929999999999949090e+00 9.829802979443276190e-01
5.949999999999948663e+00 9.848775059290955092e-01
5.969999999999935802e+00 9.844269983918524369e-01
5.989999999999918501e+00 9.839278963771040942e-01
