9.999999999999878778e-03 0.000000000000000000e+00
2.999999999999975603e-02 0.000000000000000000e+00
5.000000000000043299e-02 0.000000000000000000e+00
7.000000000000024258e-02 0.000000000000000000e+00
9.000000000000082934e-02 0.000000000000000000e+00
1.099999999999995426e-01 0.000000000000000000e+00
1.300000000000010869e-01 0.000000000000000000e+00
1.499999999999998002e-01 0.000000000000000000e+00
1.700000000000013445e-01 0.000000000000000000e+00
1.899999999999987255e-01 0.000000000000000000e+00
2.099999999999981326e-01 0.000000000000000000e+00
2.300000000000008982e-01 0.000000000000000000e+00
2.500000000000000000e-01 0.000000000000000000e+00
2.699999999999990186e-01 0.000000000000000000e+00
2.900000000000018119e-01 0.000000000000000000e+00
3.100000000000016076e-01 0.000000000000000000e+00
3.300000000000013478e-01 0.000000000000000000e+00
3.499999999999968137e-01 0.000000000000000000e+00
3.700000000000024936e-01 0.000000000000000000e+00
3.899999999999959610e-01 0.000000000000000000e+00
4.099999999999972000e-01 0.000000000000000000e+00
4.300000000000046563e-01 0.000000000000000000e+00
4.499999999999964584e-01 0.000000000000000000e+00
4.699999999999989742e-01 0.000000000000000000e+00
4.900000000000029887e-01 0.000000000000000000e+00
5.099999999999967892e-01 0.000000000000000000e+00
5.300000000000009148e-01 0.000000000000000000e+00
5.500000000000049294e-01 0.000000000000000000e+00
5.699999999999948441e-01 0.000000000000000000e+00
5.899999999999998579e-01 0.000000000000000000e+00
6.100000000000075362e-01 0.000000000000000000e+00
6.299999999999967848e-01 0.000000000000000000e+00
6.499999999999989120e-01 0.000000000000000000e+00
6.699999999999990408e-01 0.000000000000000000e+00
6.899999999999980593e-01 0.000000000000000000e+00
7.099999999999966338e-01 0.000000000000000000e+00
7.300000000000018696e-01 0.000000000000000000e+00
7.500000000000000000e-01 0.000000000000000000e+00
7.699999999999973532e-01 0.000000000000000000e+00
7.900000000000050315e-01 0.000000000000000000e+00
8.100000000000020517e-01 0.000000000000000000e+00
8.299999999999976286e-01 0.000000000000000000e+00
8.500000000000060840e-01 0.000000000000000000e+00
8.700000000000036593e-01 0.000000000000000000e+00
8.899999999999905764e-01 0.000000000000000000e+00
9.100000000000089129e-01 0.000000000000000000e+00
9.300000000000058220e-01 0.000000000000000000e+00
9.499999999999924061e-01 1.328776450864462347e-03
9.700000000000119638e-01 3.041922092421459750e-02
9.900000000000060973e-01 3.440688298473023599e-01
1.009999999999993792e+00 3.636346841854746970e+01
1.029999999999987148e+00 2.478561464598903807e+00
1.050000000000008038e+00 1.626890262434401713e+00
1.069999999999994955e+00 1.061769239832945244e+00
1.089999999999990532e+00 8.895233170540020051e-01
1.110000000000010090e+00 7.214926941718337039e-01
1.129999999999996119e+00 8.227181068403212061e-01
1.149999999999989697e+00 9.819367897894845099e-01
1.170000000000000817e+00 1.123982452726378201e+00
1.190000000000004610e+00 1.204628478807086900e+00
1.209999999999996856e+00 1.097151132533491058e+00
1.230000000000008420e+00 1.179606689463377434e+00
1.250000000000000000e+00 1.197064834798852839e+00
1.269999999999991136e+00 1.460492069209682775e+00
1.290000000000000480e+00 1.496078572573642296e+00
1.309999999999990727e+00 1.416411117803819453e+00
1.330000000000004512e+00 1.348687298458338235e+00
1.350000000000012301e+00 1.377500969488641758e+00
1.370000000000003881e+00 1.340770987491646471e+00
1.389999999999989244e+00 1.369625061792584475e+00
1.410000000000000142e+00 1.483055978472507919e+00
1.429999999999991056e+00 1.456211307931354115e+00
1.450000000000006617e+00 1.403046552118632606e+00
1.470000000000017071e+00 1.417851386497757327e+00
1.490000000000007097e+00 1.501260013354723366e+00
1.509999999999992903e+00 1.511090780517234000e+00
1.529999999999982485e+00 1.440388556527693042e+00
1.549999999999990719e+00 1.400362731706654706e+00
1.570000000000012275e+00 1.356933329516385456e+00
1.590000000000003189e+00 1.321841678157245514e+00
1.610000000000011200e+00 1.319956467347722651e+00
1.629999999999995897e+00 1.315327799958689425e+00
1.649999999999985922e+00 1.302605400730706187e+00
1.669999999999988161e+00 1.320470102005756541e+00
1.690000000000019265e+00 1.217516307034972156e+00
1.710000000000008624e+00 1.241535427283442461e+00
1.730000000000011084e+00 1.267036576966207528e+00
1.750000000000000000e+00 1.325749412220142531e+00
1.769999999999988693e+00 1.309713588007708429e+00
1.789999999999990266e+00 1.330939160655242981e+00
1.809999999999978515e+00 1.300566353579369450e+00
1.830000000000014504e+00 1.325938214978890084e+00
1.850000000000014966e+00 1.349214049704275276e+00
1.870000000000004103e+00 1.400186631071290488e+00
1.889999999999988356e+00 1.421315512679971693e+00
1.909999999999991704e+00 1.471522442054528312e+00
1.929999999999980620e+00 1.362797278698920644e+00
1.950000000000016609e+00 1.345793284832969228e+00
1.970000000000019735e+00 1.363969818208320861e+00
1.990000000000007541e+00 1.515949181550910740e+00
2.009999999999992237e+00 1.342083688833692223e+00
2.029999999999980265e+00 1.124822680823077237e+00
2.049999999999982059e+00 1.100851415146086421e+00
2.070000000000021600e+00 1.285505245638842053e+00
2.090000000000010516e+00 1.281501506934152657e+00
2.110000000000011866e+00 1.160763283821959257e+00
2.129999999999997229e+00 1.182559140352789973e+00
2.149999999999986144e+00 1.310408671279210902e+00
2.169999999999984830e+00 1.299285855879352525e+00
2.190000000000027480e+00 1.182245084416392089e+00
2.210000000000015064e+00 1.184581564522607211e+00
2.230000000000012417e+00 1.391018184821300796e+00
2.250000000000000000e+00 1.322811227180960225e+00
2.269999999999987583e+00 1.133913209477366069e+00
2.289999999999984492e+00 1.129881408290424050e+00
2.309999999999971187e+00 1.325391486845149736e+00
2.330000000000008953e+00 1.325901089190268944e+00
2.350000000000004974e+00 1.112691185232871138e+00
2.369999999999991669e+00 1.117975099031493613e+00
2.390000000000001457e+00 1.250045058163854250e+00
2.410000000000001474e+00 1.313531230455852850e+00
2.429999999999989058e+00 1.154827756961082530e+00
2.450000000000022382e+00 1.145600599506422457e+00
2.470000000000021068e+00 1.289438594718093301e+00
2.490000000000007763e+00 1.316352054337493138e+00
2.509999999999992237e+00 7.579321546778079455e-01
2.529999999999978932e+00 7.876648473449733290e-01
2.549999999999976730e+00 8.270106531169808539e-01
2.570000000000006501e+00 8.302762412051314378e-01
2.589999999999993197e+00 8.492420258116817333e-01
2.609999999999990106e+00 8.490930745562348392e-01
2.630000000000018545e+00 8.476020716611205597e-01
2.650000000000005684e+00 8.645255276912819919e-01
2.670000000000001261e+00 8.801421533962509036e-01
2.690000000000031921e+00 8.887590104162693683e-01
2.710000000000018616e+00 8.772351277591710073e-01
2.730000000000013305e+00 9.169506214767308983e-01
2.750000000000000000e+00 9.084191103961991587e-01
2.769999999999986695e+00 9.211794279278648911e-01
2.789999999999980940e+00 9.144290647860546795e-01
2.809999999999966747e+00 9.211828131862379587e-01
2.829999999999994742e+00 9.384962199635860092e-01
2.849999999999988098e+00 9.453127584090373903e-01
2.869999999999973461e+00 9.491115956411421140e-01
2.890000000000018776e+00 9.461100512398418205e-01
2.910000000000014797e+00 9.571026660304743361e-01
2.930000000000001936e+00 9.408867235310806043e-01
2.950000000000026379e+00 9.392151213701255275e-01
2.970000000000021956e+00 9.524492354618352419e-01
2.990000000000007763e+00 9.505263345321913748e-01
3.009999999999991793e+00 9.448904605121895006e-01
3.029999999999978044e+00 9.409311199145747873e-01
3.049999999999973177e+00 9.349743141440434169e-01
3.069999999999995399e+00 9.297625120903845186e-01
3.089999999999980762e+00 9.185109827594758469e-01
3.109999999999975895e+00 9.237801001097960540e-01
3.130000000000032756e+00 9.298845551705554602e-01
3.150000000000019451e+00 9.246003257050793289e-01
3.170000000000012363e+00 9.226529437970846237e-01
3.190000000000035918e+00 9.269512184379518072e-01
3.210000000000021281e+00 9.166313498847373786e-01
3.230000000000014637e+00 9.340678692404275063e-01
3.250000000000000000e+00 9.176718736868105797e-01
3.269999999999985363e+00 9.003946193814872379e-01
3.289999999999978275e+00 9.110859980874497221e-01
3.309999999999963638e+00 9.026048938492265972e-01
3.329999999999984972e+00 9.015576991378083660e-01
3.349999999999976552e+00 8.963248401361956219e-01
3.369999999999961471e+00 8.904272236063754953e-01
3.390000000000030322e+00 8.982973927630505395e-01
3.410000000000024567e+00 8.955124686025102143e-01
3.430000000000010818e+00 8.836181874949602388e-01
3.450000000000029043e+00 8.814501984857664452e-01
3.470000000000023288e+00 8.725271671876592139e-01
3.490000000000008207e+00 8.766813726140677554e-01
3.509999999999991793e+00 8.740977072174282991e-01
3.529999999999976712e+00 8.732228369172266857e-01
3.549999999999970512e+00 8.836425985799964966e-01
3.569999999999986962e+00 8.788257669566187369e-01
3.589999999999972324e+00 8.870077432020274655e-01
3.609999999999964793e+00 8.838384937690169085e-01
3.630000000000042970e+00 8.735739389051649928e-01
3.650000000000029221e+00 8.793298029952751893e-01
3.670000000000020801e+00 8.828844929225927451e-01
3.690000000000038138e+00 8.860288157841148537e-01
3.710000000000023501e+00 8.903669587747717884e-01
3.730000000000015081e+00 8.902457217126603650e-01
3.750000000000000000e+00 8.900593560976707286e-01
3.769999999999984919e+00 8.946195206224053509e-01
3.789999999999976055e+00 8.958837460447029999e-01
3.809999999999961418e+00 9.016381038968203088e-01
3.829999999999977423e+00 9.012010711004871943e-01
3.849999999999967670e+00 9.001526812518068077e-01
3.869999999999952589e+00 9.008233856406155926e-01
3.890000000000039204e+00 9.007987201915217401e-01
3.910000000000032117e+00 8.926581286550948624e-01
3.930000000000017923e+00 9.075577977980802125e-01
3.950000000000030820e+00 9.008041389887807560e-01
3.970000000000023732e+00 8.993194249051291722e-01
3.990000000000008207e+00 8.943087566092881024e-01
4.009999999999991793e+00 8.923810303443870939e-01
4.029999999999976268e+00 8.945530466612836573e-01
4.049999999999968736e+00 8.939140026358149971e-01
4.069999999999980744e+00 9.015362500279826552e-01
4.089999999999966107e+00 9.092442287670344792e-01
4.109999999999957687e+00 9.048184040594072775e-01
4.130000000000051408e+00 9.111318805416430688e-01
4.150000000000036771e+00 9.165020203926608211e-01
4.170000000000026574e+00 9.098145410762162877e-01
4.190000000000040359e+00 9.162235165209616783e-01
4.210000000000024833e+00 9.147879433919264835e-01
4.230000000000015525e+00 9.172214447556666927e-01
4.250000000000000000e+00 9.188339571595356414e-01
4.269999999999984475e+00 9.147019238629485738e-01
4.289999999999975167e+00 9.139909466380563563e-01
4.309999999999959641e+00 9.180053188685576293e-01
4.329999999999971649e+00 9.294928775138495691e-01
4.349999999999961453e+00 9.215063023266257813e-01
4.369999999999945928e+00 9.205219731084611778e-01
4.390000000000036984e+00 9.197454573685461821e-01
4.410000000000027676e+00 9.217570447762045704e-01
4.430000000000012150e+00 9.222730860287241539e-01
4.450000000000021494e+00 9.321013560503516038e-01
4.470000000000011298e+00 9.233549333841848394e-01
4.489999999999993996e+00 9.298208383221113760e-01
4.510000000000006892e+00 9.258925772477658578e-01
4.529999999999991367e+00 9.232635104135281656e-01
4.549999999999983835e+00 9.235721044938777213e-01
4.569999999999993179e+00 9.250151897167454562e-01
4.589999999999978542e+00 9.228385121742211927e-01
4.609999999999970122e+00 9.240354772875136735e-01
4.630000000000057625e+00 9.307158092593971199e-01
4.650000000000042100e+00 9.298003482511211226e-01
4.670000000000031903e+00 9.332948930383571096e-01
4.690000000000041247e+00 9.445690630559292478e-01
4.710000000000025722e+00 9.402187165385730294e-01
4.730000000000015525e+00 9.438198778886394136e-01
4.750000000000000000e+00 9.390211453650026963e-01
4.769999999999984475e+00 9.416135432277566997e-01
4.789999999999974278e+00 9.461022741094032851e-01
4.809999999999958753e+00 9.613140361551395507e-01
4.829999999999967208e+00 9.528518426743205483e-01
4.849999999999956124e+00 9.520724226596321005e-01
4.869999999999940599e+00 9.554739692527063344e-01
4.890000000000020108e+00 9.513119889496775006e-01
4.910000000000009912e+00 9.501839566703376150e-01
4.929999999999994387e+00 9.575001759699544035e-01
4.949999999999999289e+00 9.489594371987706278e-01
4.969999999999989981e+00 9.632048673888532475e-01
4.989999999999972680e+00 9.649584822623225033e-01
5.010000000000028209e+00 9.640001117399381592e-01
5.030000000000012683e+00 9.589247592380422125e-01
5.050000000000003375e+00 9.623138079106160481e-01
5.070000000000010054e+00 9.638343085657008480e-01
5.089999999999995417e+00 9.549263059442612001e-01
5.109999999999986109e+00 9.764891013057872549e-01
5.130000000000062066e+00 9.722986456170750191e-01
5.150000000000046541e+00 9.773920542211426143e-01
5.170000000000035456e+00 9.683401002468937646e-01
5.190000000000042135e+00 9.734585957138864876e-01
5.210000000000026610e+00 9.751093783222821720e-01
5.230000000000015525e+00 9.729826607340813505e-01
5.250000000000000000e+00 9.665843348744957986e-01
5.269999999999984475e+00 9.739087811216124990e-01
5.289999999999973390e+00 9.802722184284416995e-01
5.309999999999956977e+00 9.740927083820533072e-01
5.329999999999963656e+00 9.669819112324639088e-01
5.349999999999950795e+00 9.641874381456697618e-01
5.369999999999936158e+00 9.747712432810818894e-01
5.390000000000006786e+00 9.689625164220911913e-01
5.409999999999995701e+00 9.853503700871898419e-01
5.429999999999979288e+00 9.781051795412223360e-01
5.449999999999983302e+00 9.787025361477666996e-01
5.469999999999972218e+00 9.814828434646306610e-01
5.489999999999955804e+00 9.831887285353217987e-01
5.510000000000045084e+00 9.813547459443177079e-01
5.530000000000029559e+00 9.838483698275700684e-01
5.550000000000019362e+00 9.760306091292227926e-01
5.570000000000024265e+00 9.819653494798472604e-01
5.590000000000008740e+00 9.785845317797100540e-01
5.609999999999998543e+00 9.835593066252751315e-01
5.630000000000067395e+00 9.910418921629362554e-01
5.650000000000050981e+00 9.887841797146218470e-01
5.670000000000039009e+00 9.890204990428282938e-01
5.690000000000043912e+00 9.848087669600270599e-01
5.710000000000028386e+00 9.853398463760365544e-01
5.730000000000015525e+00 9.878947406181729507e-01
5.750000000000000000e+00 9.884968772260875891e-01
5.769999999999984475e+00 9.893335014615540768e-01
5.789999999999971614e+00 9.877906611082887256e-01
5.809999999999956088e+00 9.912170381706513211e-01
5.829999999999960103e+00 9.933618122001410811e-01
5.849999999999948130e+00 9.912863375606605354e-01
5.869999999999931717e+00 9.975830998162695806e-01
5.889999999999995239e+00 9.948897493228107125e-01
5.909999999999983267e+00 9.984681120656595521e-01
5.929999999999966853e+00 9.959187767019553883e-01
5.949999999999969980e+00 9.921683685693678534e-01
5.969999999999958007e+00 1.002822673989904434e+00
5.989999999999940705e+00 1.005729962035245117e+00
