2.41599 0.000532144
1.18301 -0.319654
1.30236 -0.120835
1.90294 -0.0100081
1.73438 -0.017323
1.41774 -0.0668051
2.10901 -0.00495764
2.41418 0.000781851
2.45786 -0.00286687
1.13653 -0.57003
1.31953 -0.10903
1.95565 -0.00799479
1.75909 -0.0143497
1.40875 -0.0671215
2.10686 -0.00517478
2.40803 0.00163238
2.37262 0.000937682
2.46969 0.00332122
1.7931 -0.0152693
2.10303 -0.0045141
1.67986 -0.0205035
1.33743 -0.0979495
1.8242 -0.0134985
2.49057 -0.0153347
1.9387 -0.00823119
1.95957 -0.00548779
1.32465 -0.104807
1.70378 -0.0181481
1.57494 -0.0321822
2.38548 -0.00639457
1.8335 -0.0145708
2.08932 -0.00376532
1.66307 -0.0213583
2.47189 0.00274174
1.39364 -0.0715635
1.80812 -0.0126111
1.98598 -0.00478469
1.90551 -0.00983211
1.33653 -0.0986657
1.67415 -0.0201023
1.51719 -0.0390074
2.07108 -0.00578141
1.40875 -0.0671215
1.24497 -0.18311
1.62313 -0.0259089
2.29396 -0.00408154
1.63397 -0.0249068
2.47962 -0.00149577
1.22365 -0.219598
2.04511 -0.00400968
1.41569 -0.0662216
1.24973 -0.176751
1.56952 -0.0343441
2.2804 -0.00150613
2.49264 -0.0120924
1.63972 -0.0231554
1.23821 -0.194534
2.48094 -0.00143342
1.84895 -0.0119732
1.63972 -0.0231554
2.06635 -0.00644949
2.1871 -0.000955061
2.10468 -0.00539572
1.86999 -0.0110681
2.10111 -0.00451279
1.12564 -0.663071
1.49318 -0.0448536
2.47024 0.00317756
2.00041 -0.00793827
1.87479 -0.0100046
1.84586 -0.0123528
1.94059 -0.0082372
1.8335 -0.0145708
1.09139 -0.974006
1.91363 -0.00980221
1.88694 -0.00742395
1.67975 -0.0204959
2.09124 -0.00450608
2.19473 -0.000798562
2.09122 -0.00450606
1.83996 -0.0130764
2.11252 -0.00460305
1.1645 -0.395154
1.52505 -0.0386998
2.46966 0.0033311
1.99058 -0.00534545
1.84544 -0.0124034
1.83782 -0.0138107
1.93908 -0.0082324
1.80722 -0.0125823
1.05509 -1.11022
1.87343 -0.010307
1.97539 -0.00991782
2.26646 -0.00213031
2.40493 -0.00041185
1.74126 -0.0161441
1.79334 -0.0152211
1.31713 -0.110799
2.47189 0.00274174
1.97365 -0.0103288
2.32627 -0.0014531
1.47367 -0.0482754
2.27113 -0.00214342
2.00159 -0.00781877
2.31275 -0.00269898
2.35686 -0.00449538
1.70255 -0.0181717
1.75517 -0.0141625
1.287 -0.134713
2.45362 -0.00429972
1.96474 -0.00633401
2.33907 -0.00257361
1.49867 -0.0458862
2.2918 -0.0042419
2.13049 -0.00409354
1.41039 -0.0669089
1.62242 -0.0259648
1.70726 -0.0185816
2.3873 -0.00587608
1.9649 -0.00635987
1.18146 -0.325257
1.14676 -0.495182
2.12562 -0.00308819
1.40648 -0.0674169
1.62669 -0.0256265
1.70644 -0.0180966
2.38787 -0.00571275
1.9636 -0.00614682
1.18218 -0.322648
1.1506 -0.469577
2.46381 0.00487633
1.4744 -0.0480596
2.35746 -0.00440032
2.11036 -0.00482105
2.3534 -0.0026802
1.2422 -0.188072
2.34313 -0.00246239
1.01609 -0.575697
2.3171 -0.000699788
2.15605 -0.00431936
2.42506 -0.0030832
1.45996 -0.0518294
2.34724 -0.00254965
2.08433 -0.00341622
2.3367 -0.00255614
1.25652 -0.167669
2.37465 0.000439252
1.01407 -0.504129
2.32869 -0.00249707
2.15016 -0.00463703
2.30593 -0.00329313
2.2223 -0.00231408
1.56952 -0.0343441
1.99218 -0.00554028
2.09124 -0.00450608
1.72697 -0.0165999
1.7452 -0.0154677
2.16876 -0.00375969
1.39154 -0.0722353
1.45996 -0.0518294
1.57003 -0.0341805
2.30258 -0.00358431
2.24422 0.000202141
1.56653 -0.0352981
1.96294 -0.00603933
2.06053 -0.00519956
1.71999 -0.0172854
1.75061 -0.0139443
2.17074 -0.00591692
1.3524 -0.0919078
1.45827 -0.0522661
1.54315 -0.036174
1.91014 -0.00981507
2.19603 0.000975525
1.76505 -0.0145354
1.48092 -0.0461407
2.34647 -0.00253335
2.34101 -0.00258797
2.10389 -0.0054755
1.67522 -0.0201776
1.22571 -0.21595
2.36094 -0.00385651
2.36194 -0.00370125
1.33787 -0.0977631
1.73083 -0.0165288
1.89127 -0.00829994
2.20366 -0.000121355
1.76699 -0.0147464
1.45366 -0.0534817
2.3245 -0.00130748
2.33703 -0.00255859
2.10443 -0.00542093
1.69352 -0.0195639
1.22515 -0.21694
2.38491 -0.00655606
2.37299 0.000848069
1.35517 -0.0900567
1.73581 -0.0170789
2.25962 -0.00173929
1.47431 -0.0480876
1.58835 -0.0282405
1.2665 -0.156449
1.37999 -0.0780945
2.34724 -0.00254965
2.15933 -0.00370003
2.2032 -5.48012e-05
1.22681 -0.213999
2.12135 -0.00274327
2.17252 -0.00551501
2.31347 -0.00263558
1.52821 -0.0383772
1.59236 -0.027953
1.3059 -0.118504
1.42977 -0.0598731
2.35073 -0.0026236
2.14925 -0.00468608
2.16113 -0.00371141
1.20378 -0.25969
2.07412 -0.00535233
2.17191 -0.00565457
2.48094 -0.00143342
1.3524 -0.0919078
2.13505 -0.00416793
1.93908 -0.0082324
2.35199 -0.00265036
2.43817 0.00153533
1.85724 -0.0106769
2.49245 -0.012388
1.97298 -0.0104885
1.25652 -0.167669
1.39364 -0.0715635
1.8886 -0.00775946
2.4879 -0.0195223
1.36416 -0.0831726
2.12484 -0.00302492
1.94218 -0.00824228
2.36163 -0.00374965
2.45225 -0.00476384
1.86924 -0.0112353
2.48666 -0.00116256
1.96835 -0.00692381
1.27296 -0.149964
1.38046 -0.077867
1.89015 -0.00807274
2.20451 -0.000243135
1.97387 -0.0102766
2.02794 -0.00711268
1.15763 -0.429675
2.10396 -0.00546781
1.90926 -0.00981831
1.78454 -0.0158414
1.65355 -0.0214078
2.01543 -0.00585607
1.43549 -0.0583297
1.35114 -0.0927493
2.2214 -0.00237461
1.98659 -0.00485932
2.0395 -0.00356554
1.15438 -0.446031
2.08387 -0.00338378
1.92614 -0.00981452
1.79966 -0.0123404
1.64548 -0.0209786
2.01286 -0.00579854
1.42843 -0.0613912
1.34122 -0.0963582
2.39279 -0.00431475
1.78312 -0.0159416
1.43588 -0.058224
2.2804 -0.00150613
1.96068 -0.00566913
2.19473 -0.000798562
2.47006 0.00322368
2.32815 -0.00249312
2.24039 0.000676099
2.40954 0.00142311
1.7452 -0.0154688
1.39569 -0.0709077
2.49968 -0.00103173
2.28382 -0.00187705
1.91732 -0.0097886
2.20619 -0.0004841
2.3545 -0.00270356
2.21686 -0.00267985
2.48905 -0.0177183
1.70091 -0.0182035
1.67548 -0.0201955
1.24886 -0.177908
1.78835 -0.0162169
1.96456 -0.00630457
1.98545 -0.00472129
2.44943 -0.00571866
2.01508 -0.00584823
2.17081 -0.00590178
2.34347 -0.00246964
1.77035 -0.0151124
2.32072 -0.000997123
1.66713 -0.019609
1.62721 -0.0255854
1.22261 -0.22144
1.77086 -0.0151678
1.92602 -0.00982838
1.95293 -0.00832612
2.43173 -0.00209981
2.01223 -0.00578461
2.18738 -0.000949351
2.34266 -0.00245248
1.8168 -0.0126047
2.36352 -0.00345379
1.78644 -0.0165977
1.46911 -0.0496194
2.02331 -0.00603209
2.20238 6.20525e-05
2.39235 -0.00444104
2.43822 0.00152662
1.50001 -0.0452752
2.48149 -0.00140707
1.79831 -0.0142301
1.48209 -0.0441595
2.0193 -0.00594254
2.24435 0.000185798
2.36522 -0.00318874
2.42975 -0.00239262
1.5067 -0.0422243
2.45272 -0.0046068
2.45849 -0.00265642
2.04445 -0.00395759
2.05407 -0.00506635
2.08387 -0.00338378
1.58429 -0.0299958
1.96812 -0.00688725
1.90341 -0.00999883
1.71896 -0.0173906
1.55575 -0.0333684
1.31944 -0.109096
2.41297 0.000949009
1.87359 -0.0102705
2.16402 -0.00372965
2.44582 0.000246003
2.45994 -0.00216336
2.03347 -0.00623407
2.04696 -0.00415609
2.09128 -0.0045061
1.59185 -0.0279894
1.97147 -0.0108455
1.90783 -0.00982359
1.71756 -0.0175329
1.55169 -0.0326665
1.31281 -0.113985
2.40637 -0.000374447
1.87709 -0.00949492
2.1669 -0.00374787
2.45096 -0.00520106
1.36518 -0.0828448
2.22025 -0.00245195
1.42401 -0.0636301
2.24153 0.00053448
1.42977 -0.0598731
1.51773 -0.0389803
0.972498 2.72279
1.43849 -0.0575199
2.08433 -0.00341622
2.17245 -0.0055317
1.80944 -0.0126534
2.31804 -0.000777202
1.36945 -0.0814739
2.17702 -0.00450119
2.47113 0.00294109
1.38745 -0.0744954
2.24638 -6.52385e-05
1.44049 -0.0569827
1.56088 -0.034255
0.95813 5.00498
1.44032 -0.0570282
2.1288 -0.00334492
2.20931 -0.00318764
1.83165 -0.0148969
2.32957 -0.00250354
1.99058 -0.00534545
2.04118 -0.003698
1.17589 -0.347139
2.25437 -0.00158199
1.99307 -0.005649
1.75371 -0.0140924
1.22261 -0.22144
1.46108 -0.0515391
2.2667 -0.00213096
2.39516 -0.000664266
2.09159 -0.00450631
1.76903 -0.0149681
2.48348 -0.00131311
1.86626 -0.0118965
2.31985 -0.000926192
2.20876 -0.000853371
2.40414 -0.000432134
1.98619 -0.00481129
2.08395 -0.00338961
1.16347 -0.400355
2.25538 -0.00161228
2.00398 -0.00757784
1.70553 -0.0181142
1.1965 -0.275309
1.42583 -0.0627117
2.2232 -0.00268986
2.3569 -0.00448844
2.09598 -0.0045093
1.77248 -0.0153437
2.46913 0.00347027
1.90709 -0.00982631
2.36546 -0.00315156
2.20465 -0.000262915
2.41966 2.51178e-05
1.79831 -0.0142301
1.48209 -0.0441595
2.0193 -0.00594254
2.24435 0.000185798
2.36522 -0.00318874
2.42975 -0.00239262
1.5067 -0.0422243
2.45272 -0.0046068
1.8232 -0.0133774
1.51233 -0.0392494
2.01399 -0.00582392
2.2945 -0.00404174
2.34302 -0.00245997
2.40777 0.00166846
1.51355 -0.0391889
2.41197 0.00108758
2.47333 0.00236072
2.09389 -0.00450788
2.37222 0.00103735
1.5001 -0.0452373
2.04843 -0.00427236
2.04878 -0.00430013
1.52621 -0.0385817
1.43849 -0.0575199
2.48666 -0.00116256
2.3367 -0.00255614
1.75622 -0.0142124
2.02563 -0.00748028
2.09673 -0.00450981
2.46856 0.00362184
2.3932 -0.0041979
1.53775 -0.0378845
2.08859 -0.00371404
2.08649 -0.00356691
1.58277 -0.0303514
1.47906 -0.046689
2.48548 -0.00121843
2.35805 -0.00430886
1.75947 -0.0143677
2.06207 -0.00523141
2.34506 -0.00250341
1.9636 -0.00614682
1.46674 -0.0500782
2.46966 0.0033311
2.49052 -0.0154135
1.37924 -0.0784546
2.49941 -0.00145359
1.62721 -0.0255854
1.70553 -0.0181142
1.82714 -0.0156917
1.77969 -0.0161827
1.35602 -0.0894832
1.0485 -1.09674
2.31078 -0.00286985
2.44503 0.000379838
2.32974 -0.00250481
2.04136 -0.00371244
2.32225 -0.00112285
1.97467 -0.010089
1.44497 -0.0557613
2.4702 0.00318625
2.45807 -0.00279609
1.41623 -0.0675713
1.65229 -0.0213409
1.72935 -0.016556
1.81508 -0.0123968
1.76883 -0.0149471
1.3252 -0.104526
1.07085 -1.09152
2.27397 -0.00215136
2.42225 -0.00349785
2.49038 -0.0156342
2.37277 0.00090076
2.06427 -0.00674232
1.98619 -0.00481129
2.08395 -0.00338961
1.16347 -0.400355
2.25538 -0.00161228
2.00398 -0.00757784
1.72935 -0.016556
1.1965 -0.275309
1.42583 -0.0627117
2.2232 -0.00268986
2.3569 -0.00448844
2.09598 -0.0045093
1.77248 -0.0153437
2.46913 0.00347027
1.90709 -0.00982631
2.36546 -0.00315156
2.20465 -0.000262915
2.41966 2.51178e-05
1.96491 -0.00636176
2.07953 -0.00308066
1.12666 -0.654413
2.22125 -0.00238459
1.96986 -0.00717207
1.70669 -0.0180917
1.20916 -0.24837
1.43179 -0.059328
2.20218 9.20883e-05
2.33295 -0.00252853
2.07622 -0.00505587
1.77242 -0.0153367
2.47647 -0.00164475
1.9121 -0.00980786
2.37401 0.000596016
2.2399 0.000736322
2.43917 0.00136708
2.34909 -0.00258888
2.09667 -0.00450977
2.38491 -0.00655606
2.1198 -0.00261867
1.85802 -0.0106599
1.36542 -0.0827677
2.26984 -0.00213979
1.59185 -0.0279894
2.26092 -0.0017782
2.04957 -0.0043628
1.86098 -0.0105957
1.80177 -0.012408
1.49695 -0.046671
2.32421 -0.001284
2.09963 -0.00451178
2.35379 -0.0026885
2.10267 -0.00451385
1.84563 -0.0123802
1.41558 -0.0662361
2.22554 -0.00243138
1.58882 -0.0282073
2.29071 -0.00432203
2.03986 -0.00359372
1.90273 -0.0100122
1.83772 -0.0138278
1.4624 -0.0512
2.45994 -0.00216336
2.03347 -0.00623407
2.04696 -0.00415609
2.09128 -0.0045061
1.97147 -0.0108455
1.90783 -0.00982359
1.58882 -0.0282073
1.71756 -0.0175329
1.55169 -0.0326665
1.31281 -0.113985
2.40637 -0.000374447
1.87709 -0.00949492
2.1669 -0.00374787
2.45096 -0.00520106
2.39124 -0.00475574
2.02583 -0.00744952
2.0028 -0.00769659
2.07655 -0.00500943
1.97927 -0.00900217
1.86638 -0.0118703
1.56201 -0.0367409
1.78877 -0.0161317
1.59103 -0.0280481
1.34153 -0.0962285
2.45633 -0.00338674
1.92343 -0.0101235
2.19406 -0.000812403
2.47468 -0.00172959
1.1598 -0.418798
2.39503 -0.000667693
2.15088 -0.00459816
2.21686 -0.00267985
1.40269 -0.0686669
2.01475 -0.00584089
2.15463 -0.00439577
1.70255 -0.0181717
1.66307 -0.0213583
1.70184 -0.0181856
2.4465 0.000130988
1.10321 -0.87858
2.32919 -0.00250079
2.10553 -0.00530962
2.19217 -0.000851067
1.38533 -0.0755165
2.0499 -0.00438905
2.16927 -0.00376289
1.71499 -0.0177942
1.71816 -0.0174715
1.74502 -0.0154996
1.68405 -0.021524
2.03914 -0.00353706
1.65768 -0.0220486
2.33589 -0.00255022
1.46195 -0.0513162
2.42614 -0.00292436
1.30412 -0.119675
1.52563 -0.0386411
1.64861 -0.0211448
2.03676 -0.00570937
1.60885 -0.0267997
2.28237 -0.00171966
1.42148 -0.0649135
2.47222 0.00265484
1.33111 -0.101471
1.515 -0.0391166
2.04511 -0.00400968
1.41569 -0.0662216
1.24973 -0.176751
1.56653 -0.0352981
2.28382 -0.00187705
2.49264 -0.0120924
1.67975 -0.0204959
1.23821 -0.194534
2.4879 -0.0195223
2.06016 -0.00519196
1.39788 -0.0702076
1.24858 -0.178292
1.62718 -0.0255879
2.27705 -0.00114179
1.67901 -0.0204439
1.24888 -0.17788
2.07166 -0.00569904
1.367 -0.0822621
1.37252 -0.0804885
1.47168 -0.0488624
1.20862 -0.249477
1.42292 -0.0641839
1.99107 -0.00540568
1.67142 -0.0199103
2.05693 -0.00512543
2.27397 -0.00215136
2.34735 -0.00255193
2.27126 -0.00214378
1.34118 -0.0963763
1.37889 -0.0786246
1.22515 -0.21694
2.45957 -0.00228917
2.10035 -0.00451228
1.38588 -0.0752535
1.41158 -0.0667548
1.48912 -0.0445995
1.21401 -0.238398
1.3883 -0.0740859
1.96897 -0.00702639
1.62449 -0.025801
2.09509 -0.00450869
2.30648 -0.00324484
2.3578 -0.00434741
2.31864 -0.000826482
1.3474 -0.0937703
1.37748 -0.0793024
1.18755 -0.303127
2.47186 0.00274872
1.18218 -0.322648
1.39617 -0.0707534
2.06728 -0.0063185
1.87406 -0.010167
1.66538 -0.0210621
1.07085 -1.09152
1.95293 -0.00832612
2.33295 -0.00252853
2.1251 -0.00304575
2.29777 -0.00379971
1.96508 -0.00639027
0.995974 0.388873
2.49172 -0.013529
1.13583 -0.57605
1.40374 -0.0677724
2.01829 -0.00591997
1.85684 -0.0106856
1.68663 -0.0209898
1.12062 -0.712528
1.99651 -0.00606854
2.37373 0.000663759
2.17212 -0.00560572
2.33797 -0.00256553
1.95879 -0.00536151
0.94987 6.74416
2.45856 -0.00263237
1.51334 -0.0391992
2.40803 0.00163238
1.91009 -0.00981526
1.23821 -0.194534
1.75061 -0.0139443
1.52505 -0.0386998
2.2905 -0.00433799
1.44846 -0.0548463
1.96986 -0.00717207
2.39547 -0.000656157
2.45225 -0.00476384
2.23364 -0.00153784
1.49999 -0.0452878
2.41475 0.000703667
1.92362 -0.0101017
1.24632 -0.181307
1.78952 -0.0159832
1.51088 -0.039322
2.30036 -0.00360844
1.41321 -0.0665433
2.47726 -0.00160735
1.94513 -0.00927867
2.37676 -8.17551e-05
2.47757 -0.00159276
2.22393 -0.00260853
2.15653 -0.00368232
2.34716 -0.00254788
2.34007 -0.00258105
1.13187 -0.609851
1.29146 -0.130482
2.24175 0.00050773
2.3141 -0.00258083
1.78971 -0.0159445
1.7186 -0.0174274
1.21401 -0.238398
2.09312 -0.00450735
2.20366 -0.000121355
2.12876 -0.00334156
2.37007 0.00156654
2.36857 0.00193593
1.14415 -0.512649
1.30824 -0.116959
2.2185 -0.00256966
2.33115 -0.00251523
1.78308 -0.0159445
1.72277 -0.0166772
1.23984 -0.191899
2.10347 -0.00551753
2.22518 -0.0024716
1.1506 -0.469577
2.00203 -0.00777474
1.57843 -0.0313662
1.71194 -0.0181046
2.48555 -0.00121516
2.48971 -0.0166906
2.36261 -0.00359694
2.06427 -0.00674232
0.995974 0.388873
2.45479 -0.00390714
2.05668 -0.00512025
1.68413 -0.0215086
2.49968 -0.00103173
1.17136 -0.365388
2.0038 -0.00759591
1.58725 -0.0293033
1.73736 -0.0168129
2.32364 -0.00123734
2.0328 -0.00634058
0.966361 3.53334
2.4222 -0.00350591
2.01797 -0.00591273
1.67899 -0.0204421
2.49801 -0.00364939
2.43673 0.00177788
2.38787 -0.00571275
2.11252 -0.00460305
2.05453 -0.00507588
1.7776 -0.01633
1.41321 -0.0665433
1.41623 -0.0675713
1.66713 -0.019609
1.12666 -0.654413
2.16937 -0.00376351
2.16935 -0.00376339
1.66538 -0.0210621
1.38398 -0.0761692
2.36261 -0.00359694
2.4507 -0.00528843
2.08838 -0.00369934
2.46292 0.00510892
2.34401 -0.00248115
2.48557 -0.00121434
2.145 -0.00491533
2.09193 -0.00450654
1.81964 -0.0129473
1.46517 -0.0504836
1.36811 -0.0819037
1.63498 -0.024599
1.13591 -0.575312
2.16244 -0.00371966
2.15134 -0.0045732
1.60773 -0.0268639
1.375 -0.0796925
2.31044 -0.00289958
2.47903 -0.00152343
2.11336 -0.0045177
2.42506 -0.0030832
1.45827 -0.0522661
2.35073 -0.0026236
2.08433 -0.00341622
2.35805 -0.00430886
1.27296 -0.149964
2.37465 0.000439252
1.01407 -0.504129
2.32869 -0.00249707
2.15016 -0.00463703
2.39885 -0.000568805
1.49829 -0.0460624
2.30718 -0.00318412
2.4917 -0.0135621
2.03361 -0.0062108
2.30529 -0.00334827
1.28266 -0.139395
2.35232 -0.00265735
0.989639 0.878584
2.33352 -0.00253268
2.11914 -0.00256493
2.21951 -0.00250178
2.41379 0.000835584
2.07234 -0.00560313
2.12562 -0.00308819
1.42779 -0.0617201
1.57245 -0.0334081
1.53884 -0.037538
1.88857 -0.00775427
2.37007 0.00156654
2.3261 -0.00143923
2.32225 -0.00112285
1.9919 -0.00550606
2.10035 -0.00451228
2.2637 -0.00212256
2.43705 0.00172519
2.1057 -0.00529221
2.14989 -0.00465175
1.42114 -0.0650833
1.61936 -0.0262073
1.49196 -0.0447778
1.85772 -0.0106664
2.33908 -0.00257374
2.27215 -0.00214627
2.29767 -0.00380686
1.94485 -0.00931222
2.07589 -0.00510223
2.30261 -0.00358189
2.34659 -0.00253583
2.10347 -0.00551753
2.42367 -0.00328805
1.8137 -0.0122305
2.14022 -0.00425215
2.49038 -0.0156342
1.53663 -0.0382407
1.37748 -0.0793024
2.0395 -0.00356554
1.35517 -0.0900567
1.27226 -0.150733
1.84563 -0.0123802
1.52048 -0.038843
2.17922 -0.00400645
2.24984 -0.00144645
2.31847 -0.000812858
2.0849 -0.00345637
2.39282 -0.00430737
1.78705 -0.0164751
2.14288 -0.00429555
2.45214 -0.00480296
1.52385 -0.0388227
1.33305 -0.100467
2.08559 -0.00350406
1.31359 -0.113415
1.29381 -0.128253
1.8818 -0.00638378
1.55306 -0.0329031
2.20685 -0.000579444
2.24536 6.11116e-05
1.8168 -0.0126047
2.43917 0.00136708
1.86765 -0.011587
2.24256 0.000407737
1.6513 -0.0212881
2.13696 -0.00419898
1.90406 -0.00998601
1.38533 -0.0755165
1.80784 -0.0126022
1.99877 -0.00810433
2.35686 -0.00449538
2.47614 -0.00166038
2.21599 -0.00273882
1.8305 -0.0151005
2.43025 -0.00231782
1.89246 -0.0102147
2.25003 -0.00145215
1.61948 -0.0261977
2.08895 -0.00373951
1.8639 -0.0105325
1.42355 -0.0638671
1.83188 -0.0148571
2.03344 -0.0062389
2.40433 -0.000427205
1.62669 -0.0256265
1.47634 -0.0474901
1.47632 -0.0474947
2.06728 -0.0063185
2.02583 -0.00744952
1.85512 -0.0107227
1.88506 -0.00704366
1.57843 -0.0313662
1.94701 -0.00904857
1.6026 -0.0271599
1.52024 -0.0388551
1.51251 -0.0392404
2.46691 0.0040577
2.02392 -0.0060456
2.0141 -0.00582635
1.85555 -0.0107135
1.8463 -0.0122985
1.54255 -0.0363637
1.92969 -0.00941
2.01286 -0.00579854
1.61092 -0.0266802
1.77972 -0.0161806
2.09575 -0.00450914
1.35974 -0.0869962
2.01399 -0.00582392
2.08895 -0.00373951
2.43991 0.00124309
2.05046 -0.00443347
1.6286 -0.0265391
1.8372 -0.0139193
2.10736 -0.00512471
1.35589 -0.0895711
2.0373 -0.00339152
2.04054 -0.00364749
2.46512 0.00452955
1.70644 -0.0180966
1.54801 -0.0346337
2.41845 0.00019245
1.695 -0.0183177
2.22316 -0.00269433
1.31767 -0.1104
2.43515 0.00204456
1.86092 -0.0105972
1.87406 -0.010167
1.96897 -0.00702639
1.45366 -0.0534817
1.71194 -0.0181046
2.35046 -0.00261798
2.42294 -0.00339594
1.71212 -0.0180864
1.53009 -0.0381853
2.36985 0.00161985
1.7004 -0.0182134
2.19592 -0.00077414
1.31935 -0.109162
2.43127 -0.00216791
1.83869 -0.0136583
1.89846 -0.0100963
1.93764 -0.00822781
1.43952 -0.0572423
1.75079 -0.0139531
2.3582 -0.00428541
2.45854 -0.00263857
2.4879 -0.0195223
1.36416 -0.0831726
2.12484 -0.00302492
1.94218 -0.00824228
2.36163 -0.00374965
2.47757 -0.00159276
1.86924 -0.0112353
2.48548 -0.00121843
1.96835 -0.00692381
1.28266 -0.139395
1.38046 -0.077867
1.89015 -0.00807274
2.48119 -0.00142148
1.35635 -0.0892643
2.08508 -0.00346883
1.95145 -0.00850735
2.36743 -0.00284341
2.49144 -0.0139743
1.88377 -0.00678215
2.4665 0.00416389
1.98951 -0.00521554
1.29925 -0.122885
1.38355 -0.0763764
1.91279 -0.00980528
2.21599 -0.00273882
1.8305 -0.0151005
2.43025 -0.00231782
1.89246 -0.0102147
2.25003 -0.00145215
1.61948 -0.0261977
2.04054 -0.00364749
1.8639 -0.0105325
1.42355 -0.0638671
1.83188 -0.0148571
2.03344 -0.0062389
2.40433 -0.000427205
2.1985 0.000620088
1.86374 -0.010536
2.46057 0.00573214
1.82779 -0.0155772
2.21548 -0.00277266
1.60735 -0.0268861
2.048 -0.00423824
1.85216 -0.0115788
1.36839 -0.0818148
1.85966 -0.0106244
2.06753 -0.0062823
2.40003 -0.00053849
1.64861 -0.0211448
2.03676 -0.00570937
1.60885 -0.0267997
2.28237 -0.00171966
1.42148 -0.0649135
2.47222 0.00265484
1.33111 -0.101471
1.515 -0.0391166
1.62509 -0.0257529
2.4955 -0.00759316
2.05318 -0.00504806
1.56261 -0.0365496
2.24603 -2.19587e-05
1.39877 -0.0699211
1.33369 -0.100135
1.50438 -0.0432832
1.31935 -0.109162
2.00637 -0.0073356
1.28459 -0.136989
1.79003 -0.0158807
2.32832 -0.00249435
2.3245 -0.00130748
2.48971 -0.0166906
2.33879 -0.00257157
2.18998 -0.00089603
1.28631 -0.135364
2.06217 -0.00523337
1.30047 -0.122083
1.73784 -0.0167303
2.26224 -0.00211846
2.26245 -0.00211906
2.49203 -0.0130368
2.271 -0.00214305
2.14515 -0.00490724
2.1917 -0.000860682
1.7949 -0.0149106
1.71058 -0.018243
2.45853 -0.00264071
1.14995 -0.473919
1.5854 -0.0297374
2.02685 -0.00728709
2.23836 0.000927281
2.18051 -0.00371671
1.78941 -0.0160056
1.71521 -0.0177721
2.45817 -0.00276222
1.15563 -0.439767
1.5781 -0.0314429
2.03967 -0.00357879
2.25985 -0.00174607
1.71212 -0.0180864
1.53009 -0.0381853
2.36985 0.00161985
1.7004 -0.0182134
2.19592 -0.00077414
1.28631 -0.135364
2.43127 -0.00216791
1.83869 -0.0136583
1.89846 -0.0100963
1.93764 -0.00822781
1.43952 -0.0572423
1.75079 -0.0139531
2.3582 -0.00428541
2.45854 -0.00263857
1.75166 -0.0139945
1.52991 -0.0382029
2.33004 -0.00250705
1.71757 -0.0175319
2.1938 -0.000817671
1.29465 -0.127462
2.40348 -0.000449253
1.78783 -0.0163202
1.92191 -0.0102961
1.90099 -0.0100466
2.49137 -0.014082
1.39057 -0.0725478
1.79139 -0.0156104
2.32061 -0.000988402
2.44778 -0.00627565
2.07589 -0.00510223
1.38588 -0.0752535
1.41158 -0.0667548
1.48912 -0.0445995
1.23984 -0.191899
1.3883 -0.0740859
1.90099 -0.0100466
1.62449 -0.025801
2.09509 -0.00450869
2.30648 -0.00324484
2.3578 -0.00434741
2.31864 -0.000826482
1.3474 -0.0937703
1.33305 -0.100467
1.18755 -0.303127
2.47186 0.00274872
2.03133 -0.00657334
1.34616 -0.0942889
1.39154 -0.0722346
1.47699 -0.0472983
1.24834 -0.178614
1.39238 -0.0719668
1.88441 -0.0069115
1.65035 -0.0212378
2.10393 -0.0054714
2.28457 -0.00195891
2.37052 0.00145526
2.29714 -0.00384659
1.38696 -0.074731
1.37 -0.0812984
1.20843 -0.249866
2.49731 -0.00475181
2.34266 -0.00245248
2.2399 0.000736322
1.79514 -0.0148632
2.32522 -0.00136703
2.12057 -0.00268024
2.4949 -0.00854059
1.75267 -0.0140428
2.28398 -0.00189536
2.49054 -0.0153771
1.44017 -0.0570681
2.34296 -0.00245886
2.25485 -0.00159651
1.78794 -0.0162973
2.34323 -0.00246447
2.11998 -0.00263319
1.70989 -0.0183138
2.30856 -0.00306362
1.46247 -0.051182
1.49196 -0.0447778
1.85985 -0.0106202
1.14415 -0.512649
2.11006 -0.00485135
1.39154 -0.0722346
1.66825 -0.0196873
1.41357 -0.0664971
1.767 -0.0147474
2.03778 -0.00342886
2.31847 -0.000812858
1.50927 -0.0394021
1.86228 -0.0105677
1.10055 -0.903809
2.06838 -0.0061624
1.36495 -0.0829189
1.70916 -0.0183877
1.42175 -0.0647753
1.80328 -0.0124563
2.01799 -0.00591312
2.30089 -0.00356853
1.66713 -0.019609
1.65229 -0.0213409
1.20916 -0.24837
1.77086 -0.0151678
1.92602 -0.00982838
1.95293 -0.00832612
2.43173 -0.00209981
2.01223 -0.00578461
2.18738 -0.000949351
2.34296 -0.00245886
1.86374 -0.010536
2.36352 -0.00345379
1.68471 -0.0213884
1.69347 -0.0195739
1.21179 -0.242956
1.80013 -0.0123555
1.94441 -0.00824939
1.98932 -0.00519186
2.45573 -0.00358644
2.01314 -0.00580481
2.15999 -0.00370418
2.33072 -0.00251204
1.8259 -0.0159098
2.34234 -0.00244557
2.1985 0.000620088
1.8259 -0.0159098
2.46057 0.00573214
1.82779 -0.0155772
2.21548 -0.00277266
1.60735 -0.0268861
2.048 -0.00423824
1.85216 -0.0115788
1.36839 -0.0818148
1.85966 -0.0106244
2.06753 -0.0062823
2.40003 -0.00053849
2.19791 0.00070521
1.87879 -0.00577624
1.80398 -0.0124786
2.2219 -0.00234126
1.60979 -0.0267455
2.04019 -0.00362027
1.84415 -0.0125628
1.34123 -0.0963563
1.86866 -0.0113647
2.09565 -0.00450907
2.41054 0.00128497
1.83977 -0.0131001
2.38702 -0.00595684
1.74502 -0.0154996
1.49438 -0.044929
1.48914 -0.0446011
1.90551 -0.00983211
1.30288 -0.120491
1.74394 -0.0156841
1.11705 -0.746852
1.73269 -0.0164946
1.84921 -0.0119407
2.45817 -0.00276222
2.24603 -2.19587e-05
1.81019 -0.0126772
2.40884 0.00151965
1.72102 -0.0167094
1.51993 -0.0388706
1.54098 -0.0368628
1.84262 -0.0127495
1.31975 -0.108867
2.47937 -0.00150759
1.698 -0.0182598
1.1385 -0.550393
1.68747 -0.0208167
1.87215 -0.0105898
2.43477 0.00210906
2.23276 -0.00163512
1.50927 -0.0394021
1.86228 -0.0105677
1.10055 -0.903809
2.06838 -0.0061624
1.36495 -0.0829189
1.70916 -0.0183877
1.42175 -0.0647753
1.80328 -0.0124563
2.01799 -0.00591312
2.30089 -0.00356853
1.50457 -0.043194
1.8653 -0.0105022
1.07317 -1.08583
2.03385 -0.00617263
1.35644 -0.0892052
1.74909 -0.0138718
1.45339 -0.0535521
1.84221 -0.0128003
2.02895 -0.00695228
2.31152 -0.00280599
2.28307 -0.001796
1.31953 -0.10903
2.00552 -0.00742142
1.33593 -0.0989759
2.30258 -0.00358431
2.40954 0.00142311
1.88694 -0.00742395
2.43673 0.00177788
1.03828 -1.01845
1.49999 -0.0452878
2.47586 -0.00167372
2.26489 -0.00212589
1.30264 -0.120653
2.0001 -0.00797022
1.33358 -0.100193
2.30186 -0.00364756
2.3894 -0.00527792
1.89568 -0.0101511
2.46532 0.00447601
1.05598 -1.11204
1.52259 -0.0389515
2.49009 -0.0160911
2.07412 -0.00535233
2.05802 -0.00514783
1.26712 -0.155832
1.57821 -0.0314171
1.30074 -0.121903
2.1374 -0.0042063
1.51233 -0.0392494
2.43018 -0.00232822
2.03515 -0.00596663
2.27805 -0.00125044
2.03483 -0.00601724
2.05638 -0.00511398
1.26891 -0.154016
1.54711 -0.034921
1.29369 -0.128375
2.18844 -0.000927581
1.53599 -0.038443
2.49328 -0.0110734
1.98174 -0.0084182
2.31299 -0.00267805
1.52259 -0.0389515
2.41475 0.000703667
1.92362 -0.0101017
1.24632 -0.181307
1.78952 -0.0159832
1.51088 -0.039322
2.30036 -0.00360844
1.41321 -0.0665433
2.47726 -0.00160735
1.94513 -0.00927867
2.37676 -8.17551e-05
2.49144 -0.0139743
2.22393 -0.00260853
1.50062 -0.0449972
2.41696 0.000398045
1.94284 -0.00824438
1.22295 -0.220841
1.77663 -0.0163976
1.4468 -0.0552816
2.33672 -0.00255633
1.42071 -0.0653017
2.45815 -0.00276919
1.92834 -0.00956403
2.49683 -0.00550476
2.41574 0.000566001
2.45542 -0.00369382
2.16975 -0.00614048
1.1506 -0.469577
2.00203 -0.00777474
1.54255 -0.0363637
1.79139 -0.0156104
2.48555 -0.00121516
2.49203 -0.0130368
2.36261 -0.00359694
2.06427 -0.00674232
0.995974 0.388873
2.45479 -0.00390714
2.05668 -0.00512025
1.68413 -0.0215086
2.49968 -0.00103173
1.16586 -0.387517
2.03964 -0.00357651
1.50674 -0.0422065
1.83301 -0.0146577
2.47705 -0.00161711
2.35792 -0.00432993
2.0873 -0.00362369
1.01915 -0.684228
2.42112 -0.00366487
2.48507 -0.00123788
2.02838 -0.00704295
1.6483 -0.0211285
2.4658 0.00434843
2.32628 -0.00145401
2.33599 -0.00255096
1.52024 -0.0388551
1.24167 -0.188936
1.92349 -0.010117
2.41638 0.000477679
2.34296 -0.00245876
2.37184 0.00113059
1.52722 -0.038478
1.29144 -0.130504
2.49757 -0.00435151
2.47144 0.00286003
1.91063 -0.00981326
2.38473 -0.00660623
2.31347 -0.00263558
1.52821 -0.0383772
1.59236 -0.027953
1.3059 -0.118504
1.42977 -0.0598731
2.30718 -0.00318412
2.14925 -0.00468608
2.16113 -0.00371141
1.20378 -0.25969
2.03483 -0.00601724
2.17191 -0.00565457
2.36258 -0.00360046
1.57417 -0.0328602
1.6265 -0.0256417
1.34355 -0.0953836
1.48937 -0.0446155
2.34126 -0.0025898
2.12305 -0.00288056
2.13917 -0.00423502
1.18167 -0.324517
1.99035 -0.00531701
2.1617 -0.00371497
1.62509 -0.0257529
2.4955 -0.00759316
2.05318 -0.00504806
1.56261 -0.0365496
2.24603 -2.19587e-05
1.39877 -0.0699211
2.47144 0.00286003
1.33369 -0.100135
1.50438 -0.0432832
1.62271 -0.0259421
2.49273 -0.0119435
2.01384 -0.00582054
1.55893 -0.0339182
2.22075 -0.0024187
1.35873 -0.0876714
2.48568 -0.00120905
1.38038 -0.0779037
1.48768 -0.0445093
2.24984 -0.00144645
2.31152 -0.00280599
2.0849 -0.00345637
2.39282 -0.00430737
1.37 -0.0812984
2.49137 -0.014082
1.78705 -0.0164751
2.14288 -0.00429555
2.45214 -0.00480296
1.52385 -0.0388227
1.29381 -0.128253
2.08559 -0.00350406
1.31359 -0.113415
1.8818 -0.00638378
1.55306 -0.0329031
2.20685 -0.000579444
2.21287 -0.00294843
2.25631 -0.00164003
2.47291 0.00247065
2.02968 -0.00683735
2.34543 -0.00251119
1.31645 -0.111305
2.47209 0.00268735
1.77229 -0.0153229
2.1071 -0.00515119
2.43805 0.00155629
1.55572 -0.033363
1.33722 -0.0980362
2.13328 -0.00413906
1.29719 -0.124245
1.92562 -0.00987356
1.59882 -0.0274888
2.26446 -0.0021247
2.31385 -0.00260314
1.92343 -0.0101235
1.7718 -0.0152694
1.19577 -0.276871
2.2008 0.000289224
2.49264 -0.0120924
1.96294 -0.00603933
1.91732 -0.0097886
2.08508 -0.00346883
2.12692 -0.0031926
2.34239 -0.00244673
1.93537 -0.00822059
1.75535 -0.0141709
1.21925 -0.227398
2.20588 -0.000439929
2.49619 -0.00651725
1.94829 -0.00889272
1.91883 -0.0106471
2.47761 -0.00159056
2.04878 -0.00430029
2.0904 -0.0045055
2.45786 -0.00286687
1.13653 -0.57003
1.30264 -0.120653
1.95565 -0.00799479
1.75909 -0.0143497
1.41569 -0.0662216
2.10686 -0.00517478
2.41696 0.000398045
2.42337 -0.00333271
1.14215 -0.525992
1.32488 -0.104691
1.93652 -0.00822426
1.72165 -0.0166978
1.44836 -0.0548726
2.13421 -0.00415423
2.44049 0.00114484
1.05598 -1.11204
2.13421 -0.00415423
1.79936 -0.0123307
1.71999 -0.0172854
1.1645 -0.395154
1.7776 -0.01633
2.22125 -0.00238459
2.27797 -0.00124251
2.36743 -0.00284341
2.09448 -0.00450828
1.10687 -0.843872
2.17792 -0.00429869
1.82814 -0.0155154
1.71647 -0.0176437
1.15883 -0.423641
1.73544 -0.0171415
2.17422 -0.00513233
2.27996 -0.00145825
2.35575 -0.00466785
2.07121 -0.00576349
2.29767 -0.00380686
1.97467 -0.010089
1.44497 -0.0557613
2.28457 -0.00195891
2.4702 0.00318625
2.45807 -0.00279609
1.41623 -0.0675713
2.45815 -0.00276919
1.69347 -0.0195739
1.70669 -0.0180917
1.81508 -0.0123968
1.76883 -0.0149471
1.3252 -0.104526
1.07085 -1.09152
2.42225 -0.00349785
2.43805 0.00155629
2.37277 0.00090076
2.0873 -0.00362369
2.33875 -0.00257128
2.00676 -0.00729668
1.46165 -0.0513928
2.27336 -0.00214965
2.47515 -0.00170702
1.44609 -0.0554665
1.65692 -0.0221452
1.70331 -0.0181572
1.75434 -0.0141229
1.75102 -0.0139639
1.34512 -0.0947253
1.07966 -1.04922
2.36462 -0.00328207
2.39677 -0.000622588
2.38706 -0.00594357
2.09293 -0.00450722
1.86866 -0.0113647
2.0499 -0.00438905
1.75517 -0.0141625
1.44039 -0.057009
1.49438 -0.044929
2.26652 -0.00213047
2.16758 -0.00375221
2.27524 -0.00215493
2.18051 -0.00371671
1.62271 -0.0259421
1.8251 -0.0136077
2.0263 -0.00737412
0.953161 5.90636
1.77767 -0.0163247
1.47971 -0.0464955
1.51809 -0.0389626
2.30724 -0.00317843
2.17054 -0.00596226
2.27932 -0.00138869
2.17928 -0.00399194
1.61479 -0.0265701
2.14989 -0.00465175
1.40648 -0.0674169
1.6026 -0.0271599
1.75166 -0.0139945
2.38787 -0.00571275
2.00676 -0.00729668
1.18218 -0.322648
1.16586 -0.387517
2.20393 -0.000160668
1.46286 -0.0510812
1.55271 -0.0328439
1.76952 -0.0150214
2.40197 -0.000488248
2.04625 -0.00410004
1.20153 -0.264521
1.13833 -0.551538
1.55271 -0.0328439
1.52722 -0.038478
1.51251 -0.0392404
2.46691 0.0040577
2.02392 -0.0060456
2.0141 -0.00582635
1.85555 -0.0107135
1.8463 -0.0122985
1.50674 -0.0422065
1.92969 -0.00941
1.58642 -0.0294984
1.47233 -0.0486699
1.48249 -0.0441844
2.07052 -0.00586092
2.02085 -0.00597699
1.83062 -0.0150783
1.88254 -0.00653396
1.53346 -0.0378405
1.91946 -0.0105762
2.09377 -0.0045078
2.41821 0.000225697
1.98951 -0.00521554
2.35232 -0.00265735
1.80812 -0.0126111
2.05865 -0.0051609
2.45394 -0.00419361
1.56612 -0.0354295
1.97239 -0.0106285
1.78941 -0.0160056
2.01384 -0.00582054
1.78737 -0.0164116
2.10003 -0.00451206
2.25765 -0.00168017
2.08784 -0.00366166
2.39511 -0.00066549
1.96082 -0.00569213
2.32535 -0.00137765
1.79113 -0.0156613
2.02996 -0.00679277
2.4392 0.00136297
1.57466 -0.0322461
1.9762 -0.0097273
1.81313 -0.0121608
2.03378 -0.00618459
1.8097 -0.0126617
2.12127 -0.00273664
2.26321 -0.00212119
2.23582 0.00124151
2.17074 -0.00591692
2.31686 -0.000680231
1.6265 -0.0256417
2.33298 -0.00252876
1.86086 -0.0105984
1.51773 -0.0389803
2.08649 -0.00356691
1.88377 -0.00678215
2.39511 -0.00066549
1.37087 -0.0810183
2.07181 -0.00567758
1.47647 -0.0474515
2.30172 -0.00365941
2.22592 -0.00238909
2.17156 -0.00573157
2.3303 -0.002509
1.61855 -0.0262718
2.32568 -0.00140426
1.86149 -0.0105849
1.51189 -0.0392716
2.09365 -0.00450772
1.89588 -0.0101472
2.41319 0.000919021
1.38305 -0.0766193
2.0641 -0.00676638
1.46546 -0.0504097
2.28772 -0.0023006
1.76236 -0.0142433
1.49977 -0.0453864
2.30724 -0.00317843
2.10129 -0.00451291
1.49867 -0.0458862
1.33929 -0.0971689
1.11705 -0.746852
1.62977 -0.026183
2.15297 -0.00448562
2.36258 -0.00360046
1.89109 -0.00826396
1.42401 -0.0636301
2.3932 -0.0041979
1.75904 -0.0143473
1.50971 -0.0393804
2.30914 -0.00301268
2.11166 -0.00468954
1.51055 -0.0393385
1.33186 -0.101082
1.11751 -0.742375
1.61436 -0.0266041
2.1367 -0.00419479
2.35334 -0.00267912
1.89176 -0.0083987
1.42769 -0.0617682
2.40715 -0.000354277
1.20153 -0.264521
1.39617 -0.0707534
2.07052 -0.00586092
1.92191 -0.0102961
1.66538 -0.0210621
1.07966 -1.04922
1.98932 -0.00519186
2.33295 -0.00252853
2.1251 -0.00304575
2.29777 -0.00379971
1.96508 -0.00639027
1.01915 -0.684228
2.49172 -0.013529
1.19791 -0.272295
1.40862 -0.0671385
2.06381 -0.00680754
1.89345 -0.0101951
1.70207 -0.0181811
1.11504 -0.766128
1.99903 -0.0080779
2.36453 -0.0032955
2.11922 -0.00257158
2.33778 -0.00256412
1.9728 -0.0105317
0.98133 1.63019
2.45788 -0.00286213
2.44778 -0.00627565
2.33092 -0.00251353
2.14515 -0.00490724
1.87808 -0.00927419
1.47878 -0.0467706
2.27574 -0.000999943
2.49396 -0.0100201
2.37998 -0.000873617
2.19587 -0.000775152
1.90721 -0.00982586
1.49187 -0.0447718
2.2299 -0.00195069
2.30186 -0.00364756
2.24422 0.000202141
1.56653 -0.0352981
1.94829 -0.00889272
2.06053 -0.00519956
1.71647 -0.0176437
1.77663 -0.0163976
2.17156 -0.00573157
1.35635 -0.0892643
1.49829 -0.0460624
1.54315 -0.036174
2.35529 -0.00474024
2.28887 -0.00445873
1.61921 -0.0262197
1.91109 -0.00981155
2.1034 -0.00552447
1.77886 -0.0162413
1.84152 -0.0128856
2.13607 -0.00418446
1.3343 -0.0998181
1.46935 -0.049547
1.49593 -0.0471385
2.31299 -0.00267805
2.42248 -0.00346424
1.51355 -0.0391889
2.1938 -0.000817671
1.30115 -0.121632
2.1595 -0.00370106
1.30047 -0.122083
1.98319 -0.00807609
2.37134 0.00125448
2.41182 0.00110845
1.57688 -0.0317285
2.17145 -0.00575731
1.23899 -0.19328
2.15636 -0.00368124
1.25103 -0.175007
1.97205 -0.0107073
1.99035 -0.00531701
2.05638 -0.00511398
1.26891 -0.154016
1.54711 -0.034921
1.29369 -0.128375
2.18844 -0.000927581
1.53599 -0.038443
2.49328 -0.0110734
1.98174 -0.0084182
2.37134 0.00125448
2.03901 -0.00352675
2.03551 -0.00590936
1.33724 -0.098027
1.60794 -0.0268522
1.32458 -0.104843
2.22326 -0.00268287
1.51465 -0.0391337
1.94998 -0.00868608
2.30881 -0.00304226
1.20153 -0.264521
1.39617 -0.0707534
2.07052 -0.00586092
1.92191 -0.0102961
1.66538 -0.0210621
1.07966 -1.04922
1.98932 -0.00519186
2.33295 -0.00252853
2.1251 -0.00304575
2.29777 -0.00379971
1.96508 -0.00639027
1.01915 -0.684228
2.49172 -0.013529
1.18655 -0.306759
1.40643 -0.0674234
2.0436 -0.00388995
1.94707 -0.00904199
1.63956 -0.023206
1.08342 -1.02796
1.99573 -0.00597342
2.32263 -0.00115391
2.15693 -0.00368481
2.29523 -0.00398809
1.94129 -0.00823942
1.02018 -0.718092
2.49007 -0.0161237
2.32421 -0.001284
2.09963 -0.00451178
2.10267 -0.00451385
1.92562 -0.00987356
2.35379 -0.0026885
1.41558 -0.0662361
2.22554 -0.00243138
1.56201 -0.0367409
2.29071 -0.00432203
2.03986 -0.00359372
1.90273 -0.0100122
1.83772 -0.0138278
1.4624 -0.0512
2.34655 -0.00253491
2.05677 -0.00512204
2.03816 -0.00345956
1.88697 -0.007431
2.35522 -0.00475106
1.41928 -0.066026
2.27412 -0.00215181
1.63625 -0.0242118
2.34696 -0.00254356
1.96942 -0.00709926
1.91518 -0.00979649
1.83272 -0.0147084
1.42215 -0.0645763
2.03901 -0.00352675
2.03551 -0.00590936
1.33724 -0.098027
1.60794 -0.0268522
1.32458 -0.104843
2.22326 -0.00268287
1.51465 -0.0391337
1.94998 -0.00868608
2.30881 -0.00304226
2.00352 -0.00762387
2.05329 -0.0050502
1.28801 -0.133751
1.56446 -0.0359595
1.30532 -0.118884
2.2041 -0.000184701
1.52818 -0.0383801
1.96645 -0.00661403
2.35415 -0.00269613
1.78877 -0.0161317
1.52238 -0.0389731
1.50847 -0.0414175
2.42112 -0.00366487
1.47659 -0.0474142
1.7452 -0.0154688
1.75535 -0.0141709
2.26896 -0.0021373
1.80398 -0.0124786
1.10321 -0.87858
2.38548 -0.00639457
1.78716 -0.0164527
1.52087 -0.0388236
1.5058 -0.0426362
2.41794 0.00026294
1.47454 -0.0480201
1.74464 -0.015564
1.75627 -0.0142149
2.26886 -0.00213703
1.80536 -0.0125228
1.10552 -0.856669
2.38843 -0.00555419
2.12876 -0.00334156
2.33908 -0.00257374
2.36857 0.00193593
1.07317 -1.08583
1.30824 -0.116959
1.24834 -0.178614
2.2185 -0.00256966
2.33115 -0.00251523
1.78308 -0.0159445
1.72277 -0.0166772
2.02968 -0.00683735
2.22518 -0.0024716
2.12749 -0.0032386
2.3283 -0.00249419
2.36901 0.00182608
1.0364 -1.00181
1.36318 -0.0834872
1.25875 -0.16427
2.23798 0.000974702
2.37002 0.00157884
1.72911 -0.0165605
1.71002 -0.0183005
2.02578 -0.00745665
2.25086 -0.00147716
2.46532 0.00447601
2.40197 -0.000488248
2.11252 -0.00460305
2.05453 -0.00507588
1.73544 -0.0171415
1.42071 -0.0653017
1.44609 -0.0554665
1.68471 -0.0213884
1.12666 -0.654413
2.16937 -0.00376351
2.16935 -0.00376339
1.63956 -0.023206
1.38398 -0.0761692
2.35792 -0.00432993
2.4507 -0.00528843
2.08838 -0.00369934
2.41824 0.000221577
2.36529 -0.0031779
2.48247 -0.00136091
2.08126 -0.00320172
2.11828 -0.00249588
1.70509 -0.0181227
1.40675 -0.0673811
1.40249 -0.0687301
1.71051 -0.0182501
1.14873 -0.482073
2.14815 -0.00474529
2.11128 -0.00472818
1.6116 -0.026641
1.43298 -0.0590059
2.34805 -0.00256669
2.43904 0.00138977
2.15545 -0.00435176
2.41197 0.00108758
2.40348 -0.000449253
1.97702 -0.00953317
1.77855 -0.0162627
1.97205 -0.0107073
1.73784 -0.0167303
1.86374 -0.010536
2.37184 0.00113059
1.816 -0.0125077
2.12974 -0.00342043
2.33703 -0.00255859
1.23858 -0.193944
1.90721 -0.00982586
2.39966 -0.000547897
2.41089 0.00123639
1.98482 -0.00464387
1.77097 -0.0151789
1.96953 -0.00711781
1.74571 -0.0153815
1.86317 -0.0105485
2.35862 -0.00421956
1.80248 -0.0124306
2.13193 -0.00411695
2.34087 -0.00258692
1.24628 -0.181365
1.92345 -0.0101206
1.9762 -0.0097273
2.44958 -0.00566563
2.10736 -0.00512471
2.42337 -0.00333271
2.25719 -0.0016665
1.40314 -0.0678495
1.13643 -0.570901
2.16245 -0.00371976
2.00192 -0.00778561
2.44362 0.000617171
2.10312 -0.00451416
2.39245 -0.00441113
2.27534 -0.000956752
1.39293 -0.0717912
1.10134 -0.896372
2.17165 -0.00571184
2.27932 -0.00138869
2.15438 -0.00440957
2.49757 -0.00435151
1.70023 -0.0182166
2.06217 -0.00523337
1.5781 -0.0314429
1.38038 -0.0779037
2.24183 0.000498366
2.47705 -0.00161711
2.37614 7.23454e-05
2.26698 -0.00213175
2.15376 -0.0044429
2.47798 -0.00157349
1.71103 -0.0181975
2.07241 -0.00559367
1.57062 -0.0339921
1.36676 -0.0823386
2.24039 0.000676573
2.47425 -0.00174953
2.37494 0.000367979
2.34239 -0.00244673
1.93537 -0.00822059
1.75627 -0.0142149
1.21925 -0.227398
2.20588 -0.000439929
2.49619 -0.00651725
1.91109 -0.00981155
1.91883 -0.0106471
2.47761 -0.00159056
2.04878 -0.00430029
2.0904 -0.0045055
2.31205 -0.00275923
1.93834 -0.00823004
1.79293 -0.0153029
1.23953 -0.192403
2.24176 0.000506165
1.90524 -0.00983312
1.95477 -0.00810247
2.06226 -0.00523525
2.09167 -0.00450637
2.39966 -0.000547897
2.41089 0.00123639
1.98482 -0.00464387
1.77097 -0.0151789
1.96953 -0.00711781
1.74571 -0.0153815
1.86317 -0.0105485
2.35862 -0.00421956
1.80248 -0.0124306
2.13193 -0.00411695
2.34087 -0.00258692
1.24628 -0.181365
1.92345 -0.0101206
2.41385 0.000828095
2.41368 0.00085159
2.03649 -0.00575321
1.82127 -0.0131443
2.0163 -0.00587535
1.78514 -0.0157994
1.81568 -0.0124694
2.33192 -0.00252088
1.7518 -0.0140013
2.191 -0.000875114
2.30356 -0.00349939
1.19212 -0.284703
1.92334 -0.010134
2.39147 -0.00469047
1.92614 -0.00981452
2.31431 -0.00256234
2.13917 -0.00423502
2.0641 -0.00676638
2.33352 -0.00253268
1.54409 -0.0358762
1.84703 -0.0122094
1.28801 -0.133751
1.98256 -0.00822429
2.44362 0.000617171
1.8372 -0.0139193
2.05363 -0.00505721
1.8232 -0.0133774
2.21018 -0.00312906
2.15193 -0.00454174
2.43568 0.00195534
1.937 -0.00822577
2.30922 -0.00300651
2.18447 -0.00100909
2.1195 -0.00259386
2.38554 -0.00637537
1.5939 -0.0278419
1.88972 -0.00798713
1.28058 -0.141663
2.02713 -0.00724236
2.41605 0.000523813
1.78581 -0.0157523
2.02562 -0.00748284
1.76665 -0.0147093
2.21219 -0.00299395
2.12433 -0.0029842
2.2299 -0.00195069
2.21481 -0.00281786
1.91737 -0.00978843
1.66359 -0.021291
2.31275 -0.00269898
2.38702 -0.00595684
2.36279 -0.00356759
1.49977 -0.0453864
1.81096 -0.0127021
2.22592 -0.00238909
2.31067 -0.00287956
1.36518 -0.0828448
2.09673 -0.00450981
2.39885 -0.000568805
2.19196 -0.000855504
2.20942 -0.00318053
1.94247 -0.0082432
1.63192 -0.0255278
2.34871 -0.00258076
2.43641 0.00183254
2.4067 -0.00036604
1.55726 -0.0336295
1.86674 -0.0117899
2.22977 -0.00196509
2.35174 -0.00264506
1.40399 -0.0677398
2.1074 -0.00512037
2.38455 -0.00665696
2.48606 -0.00119095
2.41385 0.000828095
2.41368 0.00085159
2.03649 -0.00575321
1.82127 -0.0131443
2.0163 -0.00587535
1.78514 -0.0157994
1.81568 -0.0124694
2.33192 -0.00252088
1.7518 -0.0140013
2.191 -0.000875114
2.30356 -0.00349939
1.19212 -0.284703
1.92334 -0.010134
2.4002 -0.000534023
2.3995 -0.000552235
2.00863 -0.00710726
1.80829 -0.0126165
1.98895 -0.00514662
1.75963 -0.0143757
1.82249 -0.0132916
2.34997 -0.0026075
1.77227 -0.0153202
2.177 -0.00450584
2.30593 -0.00329261
1.21074 -0.245126
1.9243 -0.010024
2.2637 -0.00212256
2.43705 0.00172519
2.1057 -0.00529221
2.20393 -0.000160668
1.42114 -0.0650833
1.61936 -0.0262073
1.50457 -0.043194
1.85772 -0.0106664
2.3283 -0.00249419
2.03133 -0.00657334
2.27215 -0.00214627
2.33875 -0.00257128
1.94485 -0.00931222
2.2528 -0.00153501
2.48202 -0.00138195
2.37752 -0.000268529
2.04894 -0.00431321
2.23313 -0.00159475
1.47937 -0.0465974
1.58183 -0.0305705
1.53992 -0.0371972
1.89223 -0.0102192
2.37277 0.000900817
2.0944 -0.00450823
2.27167 -0.0021449
2.3744 0.000500087
1.96152 -0.00580776
1.10687 -0.843872
2.17792 -0.00429869
1.82814 -0.0155154
1.77886 -0.0162413
1.15883 -0.423641
1.70509 -0.0181227
2.17422 -0.00513233
2.27996 -0.00145825
2.35575 -0.00466785
2.07121 -0.00576349
1.07557 -1.0723
2.16767 -0.00375275
1.82097 -0.0131089
1.84695 -0.0122187
1.18473 -0.313386
1.66463 -0.0211585
2.16448 -0.00373256
2.24091 0.000612297
2.42503 -0.0030874
2.10149 -0.00451305
1.83977 -0.0131001
2.43641 0.00183254
1.74502 -0.0154996
1.51809 -0.0389626
1.48914 -0.0446011
1.90551 -0.00983211
1.30288 -0.120491
1.74394 -0.0156841
1.11705 -0.746852
1.73269 -0.0164946
1.84921 -0.0119407
2.45817 -0.00276222
2.22075 -0.0024187
1.82207 -0.0132409
2.42371 -0.00328294
1.73394 -0.0173996
1.53503 -0.0387449
1.4918 -0.0447672
1.9071 -0.00982626
1.33124 -0.101403
1.74456 -0.0155774
1.11987 -0.719744
1.75638 -0.0142203
1.86219 -0.0105696
2.48758 -0.0200339
2.24955 -0.00143789
2.48119 -0.00142148
1.3343 -0.0998181
2.06226 -0.00523525
1.95145 -0.00850735
2.42503 -0.0030874
2.45542 -0.00369382
1.89588 -0.0101472
2.4665 0.00416389
1.96082 -0.00569213
1.29925 -0.122885
1.38355 -0.0763764
1.91279 -0.00980528
2.48248 -0.00136022
1.31596 -0.111664
2.04222 -0.00378083
1.97705 -0.0095255
2.43651 0.00181528
2.46598 0.00430311
1.87574 -0.0097945
2.43765 0.00162421
1.97711 -0.00951223
1.28017 -0.142103
1.41452 -0.066373
1.94804 -0.0089238
2.3545 -0.00270356
1.83996 -0.0130764
1.16256 -0.404906
1.94247 -0.0082432
2.08525 -0.00348058
1.83578 -0.0141701
1.80131 -0.0123933
2.00159 -0.00781877
2.08932 -0.00376532
1.82207 -0.0132409
1.77327 -0.0166345
1.12324 -0.687322
1.76236 -0.0142433
2.38043 -0.00098553
1.83847 -0.013696
1.13378 -0.593544
1.93179 -0.00820919
2.05 -0.00439712
1.8055 -0.0125273
1.76415 -0.0144384
2.03879 -0.00350914
2.11737 -0.00242241
1.85675 -0.0106875
1.77393 -0.0165876
1.12288 -0.690741
1.77575 -0.0164598
2.21287 -0.00294843
2.25631 -0.00164003
2.47291 0.00247065
2.02578 -0.00745665
2.34543 -0.00251119
1.31645 -0.111305
2.47209 0.00268735
1.77229 -0.0153229
2.1071 -0.00515119
2.39677 -0.000622588
1.55572 -0.033363
1.33722 -0.0980362
2.13328 -0.00413906
1.29719 -0.124245
1.88697 -0.007431
1.59882 -0.0274888
2.26446 -0.0021247
2.22908 -0.0020406
2.26334 -0.00212155
2.4778 -0.00158195
2.0277 -0.00715162
2.35044 -0.00261744
1.32774 -0.10321
2.48664 -0.00116341
1.7764 -0.016414
2.10599 -0.00526292
2.41103 0.0012172
1.56339 -0.0363029
1.33487 -0.0995262
2.11971 -0.00261078
1.30709 -0.117721
1.8751 -0.00993539
1.59288 -0.0279152
2.25855 -0.00170725
1.07557 -1.0723
2.16767 -0.00375275
1.82097 -0.0131089
1.84695 -0.0122187
1.18473 -0.313386
1.66463 -0.0211585
2.16448 -0.00373256
2.24091 0.000612297
2.43651 0.00181528
2.10149 -0.00451305
1.05215 -1.10421
2.15496 -0.0043782
1.81499 -0.0123854
1.87035 -0.010989
1.19035 -0.292963
1.66455 -0.0211684
2.49072 -0.0151045
2.17377 -0.00523369
2.22417 -0.00258276
2.46006 -0.00212599
2.11387 -0.00446671
2.39124 -0.00475574
2.02085 -0.00597699
2.0028 -0.00769659
2.07655 -0.00500943
1.63625 -0.0242118
1.97927 -0.00900217
1.86638 -0.0118703
1.78716 -0.0164527
1.59103 -0.0280481
1.34153 -0.0962285
2.45633 -0.00338674
1.93834 -0.00823004
2.19406 -0.000812403
2.47468 -0.00172959
2.38554 -0.00637736
2.06431 -0.00673773
2.03707 -0.00566015
2.03372 -0.00619432
1.59373 -0.0278542
1.94805 -0.00892283
1.86151 -0.0105844
1.79742 -0.0144082
1.624 -0.0258398
1.35371 -0.0910272
2.49051 -0.0154256
1.94457 -0.00824987
2.16734 -0.00375067
2.44069 0.00111143
2.49396 -0.0100201
2.37998 -0.000873617
2.19587 -0.000775152
1.9243 -0.010024
1.49187 -0.0447718
2.19196 -0.000855504
2.45127 -0.00509728
2.33163 -0.00251876
2.14362 -0.00498979
1.86848 -0.0114046
1.45205 -0.0539035
2.25116 -0.00148602
1.50062 -0.0449972
2.44049 0.00114484
1.94284 -0.00824438
1.22295 -0.220841
1.84152 -0.0128856
1.4468 -0.0552816
2.33672 -0.00255633
1.40675 -0.0673811
1.92834 -0.00956403
2.49683 -0.00550476
2.41574 0.000566001
2.46598 0.00430311
2.16975 -0.00614048
1.54946 -0.0322816
2.48158 -0.00140283
1.97745 -0.00943247
1.25795 -0.165083
1.82608 -0.015878
1.44818 -0.0549195
2.29403 -0.0040763
1.40347 -0.0678067
1.90317 -0.0100035
2.40316 -0.000457514
2.44017 0.00119926
2.15012 -0.00463947
2.13917 -0.00423502
1.92614 -0.00981452
2.31431 -0.00256234
1.54409 -0.0358762
2.39147 -0.00469047
1.84703 -0.0122094
1.8232 -0.0133774
1.28801 -0.133751
2.0641 -0.00676638
2.21018 -0.00312906
2.44362 0.000617171
2.33352 -0.00253268
1.98256 -0.00822429
2.15193 -0.00454174
1.8372 -0.0139193
2.05363 -0.00505721
2.48248 -0.00136022
1.61921 -0.0262197
2.48247 -0.00136091
2.04511 -0.00400968
2.28382 -0.00187705
1.67975 -0.0204959
1.25795 -0.165083
1.24973 -0.176751
1.44836 -0.0548726
1.88441 -0.0069115
1.39057 -0.0725478
2.32061 -0.000988402
1.83301 -0.0146577
1.71757 -0.0175319
1.76952 -0.0150214
2.17145 -0.00575731
1.29465 -0.127462
2.3995 -0.000552235
1.78783 -0.0163202
1.52991 -0.0382029
2.48664 -0.00116341
2.33004 -0.00250705
2.45127 -0.00509728
1.94707 -0.00904199
1.38696 -0.074731
2.2214 -0.00237461
2.05677 -0.00512204
2.02895 -0.00695228
1.69352 -0.0195639
1.57887 -0.0312633
2.20565 -0.000406865
1.99675 -0.00609748
1.68322 -0.0216956
1.71002 -0.0183005
2.04482 -0.00398653
1.75346 -0.0140805
2.45154 -0.0050045
2.30554 -0.00332651
2.27336 -0.00214965
2.0944 -0.00450823
1.35644 -0.0892052
1.20843 -0.249866
2.49731 -0.00475181
1.47699 -0.0472983
2.37052 0.00145526
2.10393 -0.0054714
1.25875 -0.16427
1.65035 -0.0212378
1.34616 -0.0942889
2.29714 -0.00384659
1.32774 -0.10321
1.39238 -0.0719668
2.08784 -0.00366166
1.57958 -0.031097
2.3303 -0.002509
1.64347 -0.0208716
2.24153 0.00053448
2.26629 -0.00212984
1.53775 -0.0378845
2.3744 0.000500087
1.65692 -0.0221452
1.40249 -0.0687301
1.70331 -0.0181572
2.36462 -0.00328207
2.49072 -0.0151045
1.75434 -0.0141229
2.09293 -0.00450722
2.04625 -0.00410004
2.38706 -0.00594357
2.47515 -0.00170702
1.46165 -0.0513928
1.75102 -0.0139639
1.34512 -0.0947253
2.41103 0.0012172
1.08342 -1.02796
1.31596 -0.111664
1.94804 -0.0089238
1.97711 -0.00951223
2.46006 -0.00212599
2.04222 -0.00378083
1.87574 -0.0097945
1.97705 -0.0095255
2.44017 0.00119926
1.28017 -0.142103
1.41452 -0.066373
2.43765 0.00162421
1.87035 -0.010989
1.90524 -0.00983312
2.13607 -0.00418446
2.1034 -0.00552447
1.82608 -0.015878
1.46935 -0.049547
2.35529 -0.00474024
2.28887 -0.00445873
1.49593 -0.0471385
2.03372 -0.00619432
1.59373 -0.0278542
1.94805 -0.00892283
1.79742 -0.0144082
2.06431 -0.00673773
1.624 -0.0258398
1.86151 -0.0105844
1.35371 -0.0910272
1.94457 -0.00824987
2.38554 -0.00637736
2.03707 -0.00566015
2.16734 -0.00375067
2.44069 0.00111143
2.49051 -0.0154256
1.53992 -0.0371972
1.89223 -0.0102192
2.37277 0.000900817
2.23313 -0.00159475
2.2528 -0.00153501
2.27167 -0.0021449
2.04894 -0.00431321
2.48202 -0.00138195
1.47937 -0.0465974
1.96152 -0.00580776
1.58183 -0.0305705
2.37752 -0.000268529
2.15376 -0.0044429
1.57062 -0.0339921
2.47425 -0.00174953
1.71103 -0.0181975
1.36676 -0.0823386
2.07241 -0.00559367
2.26698 -0.00213175
2.47798 -0.00157349
2.24039 0.000676573
2.37494 0.000367979
1.33124 -0.101403
1.71521 -0.0177721
2.24628 -5.21232e-05
1.33929 -0.0971689
2.45273 -0.00460366
1.32723 -0.103477
1.55893 -0.0339182
1.56485 -0.0358365
2.05437 -0.00507253
1.47971 -0.0464955
2.22025 -0.00245195
1.77261 -0.0153578
1.96474 -0.00633401
2.04523 -0.00401894
2.36258 -0.00360046
1.18167 -0.324517
2.1617 -0.00371497
1.57417 -0.0328602
2.12305 -0.00288056
2.00352 -0.00762387
1.61855 -0.0262718
2.34126 -0.0025898
1.34355 -0.0953836
1.48937 -0.0446155
1.71051 -0.0182501
1.21179 -0.242956
2.45573 -0.00358644
1.87879 -0.00577624
1.80013 -0.0123555
2.01314 -0.00580481
2.33072 -0.00251204
1.94441 -0.00824939
2.34234 -0.00244557
2.15999 -0.00370418
1.99573 -0.00597342
2.42371 -0.00328294
2.48758 -0.0200339
1.74456 -0.0155774
1.11987 -0.719744
1.86219 -0.0105696
2.24955 -0.00143789
1.73394 -0.0173996
1.75638 -0.0142203
1.53503 -0.0387449
1.9071 -0.00982626
1.4918 -0.0447672
1.85675 -0.0106875
2.3037 -0.00348673
2.40777 0.00166846
1.23552 -0.198901
2.15636 -0.00368124
1.80829 -0.0126165
1.85411 -0.0107446
2.34296 -0.00245876
2.06207 -0.00523141
1.15438 -0.446031
1.98659 -0.00485932
1.34122 -0.0963582
1.79966 -0.0123404
1.64548 -0.0209786
2.11971 -0.00261078
2.05046 -0.00443347
1.42843 -0.0613912
1.41928 -0.066026
2.35522 -0.00475106
2.27412 -0.00215181
2.03816 -0.00345956
2.34696 -0.00254356
1.42215 -0.0645763
2.34655 -0.00253491
1.96942 -0.00709926
1.91518 -0.00979649
1.8751 -0.00993539
1.83272 -0.0147084
2.4067 -0.00036604
1.55726 -0.0336295
1.63192 -0.0255278
1.86674 -0.0117899
2.22977 -0.00196509
2.20942 -0.00318053
2.38455 -0.00665696
2.35174 -0.00264506
1.40399 -0.0677398
2.34871 -0.00258076
1.93179 -0.00820919
2.48606 -0.00119095
2.25116 -0.00148602
2.1074 -0.00512037
1.45339 -0.0535521
1.0364 -1.00181
1.74909 -0.0138718
1.8653 -0.0105022
1.84221 -0.0128003
2.26334 -0.00212155
2.03385 -0.00617263
2.11828 -0.00249588
2.07953 -0.00308066
2.19791 0.00070521
1.74311 -0.0158272
2.38609 -0.00622144
2.29403 -0.0040763
1.6286 -0.0265391
2.43904 0.00138977
2.4392 0.00136297
1.77242 -0.0153367
1.17009 -0.370492
2.11387 -0.00446671
2.34323 -0.00246447
2.45302 -0.00450361
2.00886 -0.00708418
1.05509 -1.11022
2.15012 -0.00463947
1.33653 -0.0986657
1.43023 -0.0597484
2.22001 -0.00246802
1.77393 -0.0165876
1.14873 -0.482073
1.66455 -0.0211684
2.34805 -0.00256669
2.36529 -0.0031779
1.43298 -0.0590059
2.08126 -0.00320172
1.40347 -0.0678067
2.41824 0.000221577
2.14815 -0.00474529
2.11128 -0.00472818
2.15545 -0.00435176
1.6116 -0.026641
1.81313 -0.0121608
2.03967 -0.00357879
1.15563 -0.439767
2.17928 -0.00399194
2.25985 -0.00174607
1.73581 -0.0170789
2.37299 0.000848069
2.10443 -0.00542093
2.25086 -0.00147716
2.26245 -0.00211906
2.30593 -0.00329261
1.89127 -0.00829994
1.30709 -0.117721
1.76699 -0.0147464
2.05869 -0.00516173
2.15319 -0.00447385
1.56446 -0.0359595
1.46546 -0.0504097
2.11914 -0.00256493
1.87493 -0.00997434
2.29077 -0.00431772
1.80944 -0.0126534
1.52087 -0.0388236
1.80536 -0.0125228
2.41794 0.00026294
1.5058 -0.0426362
1.74464 -0.015564
1.79293 -0.0153029
1.10552 -0.856669
2.38843 -0.00555419
2.26886 -0.00213703
1.47454 -0.0480201
2.03378 -0.00618459
2.41319 0.000919021
2.00192 -0.00778561
2.12127 -0.00273664
1.57466 -0.0322461
2.32535 -0.00137765
1.79113 -0.0156613
2.26321 -0.00212119
1.8097 -0.0126617
2.02996 -0.00679277
1.83062 -0.0150783
1.53346 -0.0378405
1.58642 -0.0294984
1.88254 -0.00653396
1.47233 -0.0486699
1.48249 -0.0441844
1.91946 -0.0105762
2.0436 -0.00388995
2.47647 -0.00164475
2.17377 -0.00523369
2.07622 -0.00505587
2.25485 -0.00159651
1.96491 -0.00636176
1.90317 -0.0100035
1.43179 -0.059328
2.20218 9.20883e-05
1.9121 -0.00980786
2.37401 0.000596016
2.32263 -0.00115391
2.45291 -0.00454015
2.48507 -0.00123788
2.08335 -0.00334741
1.39569 -0.0709077
1.23953 -0.192403
1.91063 -0.00981326
2.13277 -0.00413066
1.30579 -0.118574
2.31205 -0.00275923
2.271 -0.00214305
1.21074 -0.245126
1.42304 -0.0641226
2.05757 -0.00513843
1.45205 -0.0539035
1.62977 -0.026183
2.1367 -0.00419486
2.11998 -0.00263319
2.09449 -0.00450829
1.71983 -0.0173015
1.87343 -0.010307
1.67415 -0.0201023
1.36751 -0.0820974
2.21816 -0.00259261
2.33907 -0.00257361
1.12288 -0.690741
2.15297 -0.00448562
1.89109 -0.00826396
2.30724 -0.00317843
1.42401 -0.0636301
2.10129 -0.00451291
1.49867 -0.0458862
1.77575 -0.0164598
2.3932 -0.0041979
0.954255 5.69776
2.25005 -0.00145281
1.56442 -0.0359744
2.34927 -0.00259274
1.33487 -0.0995262
1.19035 -0.292963
1.05215 -1.10421
1.81499 -0.0123854
2.22417 -0.00258276
2.15496 -0.0043782
2.2219 -0.00234126
1.34123 -0.0963563
1.8251 -0.0136077
2.09565 -0.00450907
2.41054 0.00128497
1.60979 -0.0267455
2.04019 -0.00362027
1.84415 -0.0125628
2.29127 -0.00428088
1.86164 -0.0105816
2.40008 -0.000537131
2.39218 -0.00448873
2.25298 -0.00154061
2.4778 -0.00158195
1.5824 -0.030438
1.86512 -0.0105062
1.3234 -0.105455
2.39685 -0.000620676
2.31864 -0.000826509
1.56339 -0.0363029
2.15693 -0.00368481
2.12749 -0.0032386
1.58929 -0.0281732
2.26489 -0.00212589
1.38222 -0.0770157
2.28551 -0.00206055
1.14215 -0.525992
1.72911 -0.0165605
1.47426 -0.0481004
1.89075 -0.00819539
2.05 -0.00439712
2.10599 -0.00526292
2.37002 0.00157884
2.36901 0.00182608
2.23798 0.000974702
2.0277 -0.00715162
1.36318 -0.0834872
2.27287 -0.0021483
1.70989 -0.0183138
1.33588 -0.0990028
1.30532 -0.118884
2.28772 -0.0023006
2.45437 -0.00404712
1.95527 -0.00804044
2.31804 -0.000777202
2.40968 0.00140454
1.13833 -0.551538
2.02838 -0.00704295
2.4658 0.00434843
2.03964 -0.00357651
1.6483 -0.0211285
1.02018 -0.718092
1.57688 -0.0317285
1.52818 -0.0383801
2.2945 -0.00404174
2.4002 -0.000534023
2.47333 0.00236072
2.34302 -0.00245997
2.0373 -0.00339152
1.23899 -0.19328
2.00863 -0.00710726
2.33163 -0.00251876
1.46286 -0.0510812
1.18655 -0.306759
2.177 -0.00450584
1.63819 -0.0236209
2.32568 -0.00140426
2.39316 -0.00421
1.07833 -1.0567
2.2918 -0.0042419
2.08859 -0.00371404
2.32919 -0.00250079
2.40316 -0.000457514
1.71686 -0.0176041
2.23914 0.000831275
2.16498 -0.00373577
1.94129 -0.00823942
1.78794 -0.0162973
1.46247 -0.051182
2.30856 -0.00306362
1.25103 -0.175007
2.35415 -0.00269613
1.98895 -0.00514662
2.41182 0.00110845
1.95477 -0.00810247
2.19217 -0.000851067
2.20619 -0.0004841
2.3894 -0.00527792
2.48905 -0.0177183
2.38043 -0.00098553
1.35873 -0.0876714
1.61479 -0.0265701
2.49273 -0.0119435
2.48568 -0.00120905
1.48768 -0.0445093
2.05329 -0.0050502
2.4646 0.00466538
2.4767 -0.00163374
1.14554 -0.503364
2.2077 -0.000702273
2.09167 -0.00450637
2.24176 0.000506165
1.75963 -0.0143757
2.26224 -0.00211846
2.14362 -0.00498979
2.2041 -0.000184701
1.96645 -0.00661403
1.86149 -0.0105849
1.51189 -0.0392716
1.38305 -0.0766193
2.09365 -0.00450772
1.45693 -0.0526117
2.25855 -0.00170725
2.34416 -0.00248418
2.46856 0.00362184
2.0263 -0.00737412
1.71816 -0.0174715
2.16927 -0.00376289
1.71499 -0.0177942
2.10553 -0.00530962
1.39293 -0.0717912
2.17165 -0.00571184
1.10134 -0.896372
2.27534 -0.000956752
2.39245 -0.00441113
2.10312 -0.00451416
1.82249 -0.0132916
2.34997 -0.0026075
1.77227 -0.0153202
1.86848 -0.0114046
2.09122 -0.00450606
2.08319 -0.00333616
1.1382 -0.555773
1.13378 -0.593544
2.35012 -0.00261076
2.0001 -0.00797022
2.35343 -0.00268103
1.3537 -0.0910354
1.84215 -0.0128072
1.38554 -0.0754193
1.93652 -0.00822426
2.17054 -0.00596226
1.51719 -0.0390074
2.28925 -0.00443069
1.1617 -0.409253
1.44818 -0.0549195
1.89568 -0.0101511
1.80722 -0.0125823
1.84544 -0.0124034
1.83782 -0.0138107
1.83847 -0.013696
1.54946 -0.0322816
1.97745 -0.00943247
2.48158 -0.00140283
2.4917 -0.0135621
2.03361 -0.0062108
0.989639 0.878584
2.30529 -0.00334827
0.972498 2.72279
1.58277 -0.0303514
0.953161 5.90636
1.77767 -0.0163247
1.33358 -0.100193
2.49009 -0.0160911
1.32488 -0.104691
2.10348 -0.00551703
1.7764 -0.016414
1.56885 -0.0345586
1.59288 -0.0279152
2.17245 -0.0055317
1.47906 -0.046689
1.89695 -0.0101262
2.22908 -0.0020406
2.36942 0.0017258
1.40643 -0.0674234
2.45362 -0.00429972
2.11737 -0.00242241
1.98598 -0.00478469
1.48927 -0.0446092
1.8055 -0.0125273
1.287 -0.134713
1.90538 -0.0098326
2.49908 -0.00197327
1.76415 -0.0144384
2.29523 -0.00398809
1.29144 -0.130504
2.38473 -0.00660623
1.43037 -0.0597108
1.72165 -0.0166978
2.46512 0.00452955
2.03879 -0.00350914
1.35589 -0.0895711
2.35044 -0.00261744
1.75947 -0.0143677
2.49007 -0.0161237
