8.533334999999999670e-01 1.214848388929773115e+01
8.666665000000000063e-01 9.087058564195405808e+00
8.799995000000000456e-01 6.881371853526014881e+00
8.933335000000000026e-01 5.257432688815357302e+00
9.066665000000000418e-01 3.927030687521992025e+00
9.199994999999999701e-01 2.846523683879076394e+00
9.333335000000000381e-01 1.997241053889152074e+00
9.466664999999999663e-01 1.343490216281177263e+00
9.599995000000000056e-01 8.194919182200540719e-01
9.733335000000000736e-01 4.197762067460327207e-01
9.866665000000000019e-01 1.225216520458730224e-01
9.999995000000000411e-01 -1.063500384252033526e-01
1.013336499999999862e+00 -2.716960057453243205e-01
1.026666500000000148e+00 -3.880029462648554306e-01
1.039996499999999990e+00 -4.642137235308645415e-01
1.053336499999999898e+00 -5.104817338171321328e-01
1.066666500000000184e+00 -5.336389156850260829e-01
1.079996500000000026e+00 -5.338150912722451347e-01
1.093336499999999933e+00 -5.206330629488551409e-01
1.106666500000000219e+00 -5.032489347496788001e-01
1.119996500000000061e+00 -4.692040122882309428e-01
1.133336499999999969e+00 -4.403271671998006398e-01
1.146666499999999811e+00 -4.050594522846800438e-01
1.159996500000000097e+00 -3.745706080831845419e-01
1.173336500000000004e+00 -3.449056889660419567e-01
1.186666499999999846e+00 -3.204305166013823314e-01
1.199996500000000133e+00 -2.960825441445173456e-01
1.213336500000000040e+00 -2.736241945714164014e-01
1.226666499999999882e+00 -2.511144105688342676e-01
1.239996500000000168e+00 -2.360296224753579974e-01
1.253336500000000076e+00 -2.186522006087933401e-01
1.266666499999999917e+00 -2.042546552881958910e-01
1.279996500000000204e+00 -1.917504908902868399e-01
1.293336500000000111e+00 -1.776370215788214135e-01
1.306666499999999953e+00 -1.637683647797200936e-01
1.319996500000000239e+00 -1.526966353087171879e-01
1.333336500000000147e+00 -1.426273822880806674e-01
1.346666499999999989e+00 -1.326816839900754053e-01
1.359996499999999831e+00 -1.275693529761052492e-01
1.373336500000000182e+00 -1.165902990151773955e-01
1.386666500000000024e+00 -1.110266714879132033e-01
1.399996499999999866e+00 -1.020453970760742402e-01
1.413336500000000218e+00 -9.775190476276242324e-02
1.426666500000000060e+00 -9.194175307362008331e-02
1.439996499999999902e+00 -8.500265981477653221e-02
1.453336499999999809e+00 -7.796387323343426101e-02
1.466666500000000095e+00 -7.535459231892466248e-02
1.479996499999999937e+00 -7.322229895341401951e-02
1.493336499999999845e+00 -6.832278711944975158e-02
1.506666500000000131e+00 -6.157224810419115874e-02
1.519996499999999973e+00 -5.888938405568307916e-02
1.533336499999999880e+00 -5.619441751215670938e-02
1.546666500000000166e+00 -5.350487158223271589e-02
1.559996500000000008e+00 -5.266957894811777341e-02
1.573336499999999916e+00 -4.868579491361435529e-02
1.586666500000000202e+00 -4.494706660974447793e-02
1.599996500000000044e+00 -4.220239110050489489e-02
1.613336499999999951e+00 -4.433618541634467419e-02
1.626666500000000237e+00 -3.958555350074068752e-02
1.639996500000000079e+00 -3.999064120459267652e-02
1.653336499999999987e+00 -3.614837057964994521e-02
1.666666499999999829e+00 -3.581666535194890505e-02
1.679996500000000115e+00 -3.478561459755792618e-02
1.693336500000000022e+00 -3.378193613827260022e-02
1.706666499999999864e+00 -3.258122307641143911e-02
1.719996500000000150e+00 -3.003924967656039849e-02
1.733336500000000058e+00 -2.928163336774095363e-02
1.746666499999999900e+00 -2.853957843786581947e-02
1.759996500000000186e+00 -2.513470082269470343e-02
1.773336500000000093e+00 -2.578472068967472761e-02
1.786666499999999935e+00 -2.584383228642940511e-02
1.799996500000000221e+00 -2.386522650884513250e-02
1.813336500000000129e+00 -2.317870288338538462e-02
1.826666499999999971e+00 -2.289750903050564654e-02
1.839996499999999813e+00 -2.204646590639424905e-02
1.853336500000000164e+00 -1.933512224884627317e-02
1.866666500000000006e+00 -1.999352797406744528e-02
1.879996499999999848e+00 -1.750666314699310042e-02
1.893336500000000200e+00 -1.679719264807920040e-02
1.906666500000000042e+00 -1.485667612048640826e-02
1.919996499999999884e+00 -1.630235345793132340e-02
1.933336500000000235e+00 -1.447919546041926027e-02
1.946666500000000077e+00 -1.536475817432958989e-02
1.959996499999999919e+00 -1.319724267340280713e-02
1.973336499999999827e+00 -1.466289699229086051e-02
1.986666500000000113e+00 -1.589258553522182940e-02
1.999996499999999955e+00 -1.317597733671120770e-02
2.013336500000000306e+00 -1.383093906676508694e-02
2.026666500000000148e+00 -1.111441398438915359e-02
2.039996499999999990e+00 -1.228916955694753926e-02
2.053336500000000342e+00 -1.034598674299707331e-02
2.066666500000000184e+00 -8.962138843773193378e-03
2.079996500000000026e+00 -8.935371192737668819e-03
2.093336499999999933e+00 -1.067479398456556983e-02
2.106666500000000219e+00 -9.512777412267886534e-03
2.119996500000000061e+00 -9.593293253618117092e-03
2.133336499999999969e+00 -9.439045269067195681e-03
2.146666500000000255e+00 -8.247192726317751146e-03
2.159996500000000097e+00 -7.274103904365742529e-03
2.173336500000000004e+00 -6.756177705585896497e-03
2.186666500000000291e+00 -4.784863390083154457e-03
2.199996500000000133e+00 -4.175677399995839437e-03
2.213336500000000040e+00 -5.168310241932975134e-03
2.226666500000000326e+00 -3.210136595432607452e-03
2.239996500000000168e+00 -3.638066448285670542e-04
2.253336500000000076e+00 -2.848068062874670788e-03
2.266666499999999917e+00 1.418229605483035404e-05
2.279996500000000204e+00 -4.587941629048408201e-04
2.293336500000000111e+00 -1.951843393374346749e-03
2.306666499999999953e+00 -1.724075205145603456e-03
2.319996500000000239e+00 9.715094028373142044e-06
2.333336500000000147e+00 2.035539489998653036e-03
2.346666499999999989e+00 8.487554002386338758e-04
2.359996500000000275e+00 1.211712864469875230e-03
2.373336500000000182e+00 3.128742975287687527e-04
2.386666500000000024e+00 7.677842993049930958e-04
2.399996500000000310e+00 1.905256923558019586e-04
2.413336500000000218e+00 1.029823680343844652e-03
2.426666500000000060e+00 2.382247679303103449e-03
2.439996500000000346e+00 2.692806072927371995e-04
2.453336500000000253e+00 2.252351323560464796e-05
2.466666500000000095e+00 1.394332257724009152e-04
2.479996499999999937e+00 3.241723983136522887e-03
2.493336500000000289e+00 1.196106598837363760e-03
2.506666500000000131e+00 -4.795620982664295127e-05
2.519996499999999973e+00 -1.786924086780894167e-03
2.533336500000000324e+00 -1.330936060304855522e-03
2.546666500000000166e+00 -1.524791602304650115e-03
2.559996500000000008e+00 -1.172833640856831656e-03
2.573336499999999916e+00 1.475513479925030617e-03
2.586666500000000202e+00 1.078549426496167420e-03
2.599996500000000044e+00 -1.361161314696700394e-03
2.613336499999999951e+00 5.604843894760079591e-04
2.626666500000000237e+00 9.894224802639792486e-05
2.639996500000000079e+00 -6.090390725989921605e-04
2.653336499999999987e+00 1.930174027005403118e-03
2.666666500000000273e+00 3.566072207498582978e-03
2.679996500000000115e+00 3.023451278553450621e-03
2.693336500000000022e+00 2.148276791590477482e-04
2.706666500000000308e+00 5.168134563106730958e-03
2.719996500000000150e+00 -1.756046948680530588e-05
2.733336500000000058e+00 3.681405235905443191e-03
2.746666500000000344e+00 2.428407783544140209e-03
2.759996500000000186e+00 2.792769040423771602e-03
2.773336500000000093e+00 5.333189713603855376e-04
2.786666499999999935e+00 3.561952619258339225e-03
2.799996500000000221e+00 2.542645944532748517e-03
2.813336500000000129e+00 5.073165205401354051e-03
2.826666499999999971e+00 1.468027335301730395e-03
2.839996500000000257e+00 5.361741467965173286e-03
2.853336500000000164e+00 8.321719806172892323e-03
2.866666500000000006e+00 9.855528580377217324e-03
2.879996500000000292e+00 7.067976726706528406e-03
2.893336500000000200e+00 4.561562943520530711e-03
2.906666500000000042e+00 6.289567263051080298e-03
2.919996500000000328e+00 2.582984716713911718e-03
2.933336500000000235e+00 1.106744384465882958e-03
2.946666500000000077e+00 -1.771917424942260223e-03
2.959996499999999919e+00 -3.894549225584486608e-03
2.973336500000000271e+00 -7.824444652605785228e-03
2.986666500000000113e+00 1.656642175179563834e-03
2.999996499999999955e+00 -4.056818069137919577e-03
3.013336500000000306e+00 -7.768994817193479105e-03
3.026666500000000148e+00 -9.536932076752380194e-03
3.039996499999999990e+00 -8.152450771851499703e-03
3.053336500000000342e+00 -1.350074570356661272e-02
3.066666500000000184e+00 -1.054472142915310363e-02
3.079996500000000026e+00 -1.398059789230556536e-02
3.093336499999999933e+00 -1.266693907899734545e-02
3.106666500000000219e+00 -1.641100906620265171e-02
3.119996500000000061e+00 -1.265742702353780946e-02
3.133336499999999969e+00 -9.018362327171708381e-03
3.146666500000000255e+00 -1.351890787710247760e-02
3.159996500000000097e+00 -1.153154706226528110e-02
3.173336500000000004e+00 -7.454516975455351482e-03
3.186666500000000291e+00 -6.945251874065838313e-03
3.199996500000000133e+00 -7.782021225265095717e-03
3.213336500000000040e+00 -1.145288897235218449e-02
3.226666500000000326e+00 -1.031135501213511010e-02
3.239996500000000168e+00 -1.063463103659610318e-02
3.253336500000000076e+00 -6.902610399870443177e-03
3.266666499999999917e+00 -5.063808365811389364e-03
3.279996500000000204e+00 -1.758716905157796037e-02
3.293336500000000111e+00 -2.736256004514355314e-02
3.306666499999999953e+00 -1.572828684032408914e-02
3.319996500000000239e+00 4.363668340314813456e-04
3.333336500000000147e+00 -1.199163420597659097e-02
3.346666499999999989e+00 -1.358660453252307117e-02
3.359996500000000275e+00 -3.039684105652110460e-02
3.373336500000000182e+00 -4.015719180140690098e-02
3.386666500000000024e+00 -3.248156173486084486e-02
3.399996500000000310e+00 -1.178844132438347340e-02
3.413336500000000218e+00 -7.553652509267166915e-02
3.426666500000000060e+00 -7.173859140097064990e-02
3.439996500000000346e+00 6.306262048579089341e-02
3.453336500000000253e+00 -9.766136268696484768e-02
3.466666500000000095e+00 -5.052473623642670386e-01
