9.399999999999999467e-01 6.713391202129865398e+00
9.533329999999999860e-01 4.397506836602738112e+00
9.666670000000000540e-01 2.594847830778390652e+00
9.799999999999999822e-01 1.278259701460803699e+00
9.933330000000000215e-01 3.371409903571828681e-01
1.006669999999999954e+00 -2.917343025975856485e-01
1.020000000000000018e+00 -6.877437033059998761e-01
1.033330000000000082e+00 -9.166012406995527328e-01
1.046669999999999989e+00 -1.027587174963527472e+00
1.060000000000000053e+00 -1.054454165984691549e+00
1.073329999999999895e+00 -1.021678197337198446e+00
1.086670000000000025e+00 -9.556045659325376196e-01
1.100000000000000089e+00 -8.625409693904338981e-01
1.113329999999999931e+00 -7.545306481680531530e-01
1.126670000000000060e+00 -6.427843138600820572e-01
1.139999999999999902e+00 -5.371283917345938130e-01
1.153329999999999966e+00 -4.549927594066511261e-01
1.166670000000000096e+00 -3.923612998610427338e-01
1.179999999999999938e+00 -3.407468689434189901e-01
1.193330000000000002e+00 -2.961546997466841802e-01
1.206669999999999909e+00 -2.600286865301407180e-01
1.219999999999999973e+00 -2.382000917120435102e-01
1.233330000000000037e+00 -2.076372312836036738e-01
1.246669999999999945e+00 -1.878758888282830997e-01
1.260000000000000009e+00 -1.725702237160770813e-01
1.273330000000000073e+00 -1.565086913291641457e-01
1.286669999999999980e+00 -1.443051241144798769e-01
1.300000000000000044e+00 -1.295105106276894236e-01
1.313330000000000108e+00 -1.192197670123240211e-01
1.326670000000000016e+00 -1.107536182610077413e-01
1.340000000000000080e+00 -1.012306205073806309e-01
1.353329999999999922e+00 -9.372274760568810592e-02
1.366670000000000051e+00 -8.621985637887523424e-02
1.379999999999999893e+00 -8.058663218904159320e-02
1.393329999999999957e+00 -7.396059737811432055e-02
1.406670000000000087e+00 -7.206149963327715402e-02
1.419999999999999929e+00 -6.794878585588519371e-02
1.433329999999999993e+00 -6.301642069689035452e-02
1.446669999999999900e+00 -5.568766477697897899e-02
1.459999999999999964e+00 -5.528156994039688799e-02
1.473330000000000028e+00 -5.225093826950016895e-02
1.486669999999999936e+00 -4.629777983245350614e-02
1.500000000000000000e+00 -4.687060422801754556e-02
1.513330000000000064e+00 -4.099022743445764061e-02
1.526669999999999972e+00 -3.950315665957081918e-02
1.540000000000000036e+00 -4.140992653773555715e-02
1.553330000000000100e+00 -3.755473428568339295e-02
1.566670000000000007e+00 -3.615298297329514604e-02
1.580000000000000071e+00 -3.271447512183955214e-02
1.593329999999999913e+00 -3.291461245754016829e-02
1.606670000000000043e+00 -2.926072242458521017e-02
1.620000000000000107e+00 -2.907873068697059554e-02
1.633329999999999949e+00 -2.647700934244633444e-02
1.646670000000000078e+00 -2.468577795628931412e-02
1.659999999999999920e+00 -2.351736059213959187e-02
1.673329999999999984e+00 -2.219856499186111456e-02
1.686669999999999892e+00 -2.052644702291336887e-02
1.699999999999999956e+00 -2.197185972798528647e-02
1.713330000000000020e+00 -1.990164593334551799e-02
1.726669999999999927e+00 -1.866390775129316004e-02
1.739999999999999991e+00 -1.546282106035451465e-02
1.753330000000000055e+00 -1.707157646770819312e-02
1.766669999999999963e+00 -1.542606862235269653e-02
1.780000000000000027e+00 -1.398100362944959887e-02
1.793330000000000091e+00 -1.449967436619531945e-02
1.806669999999999998e+00 -1.495929564461825900e-02
1.820000000000000062e+00 -1.469804251016112659e-02
1.833329999999999904e+00 -1.551597331652379910e-02
1.846670000000000034e+00 -1.228139322753601763e-02
1.860000000000000098e+00 -1.256203616965446794e-02
1.873329999999999940e+00 -1.322034702238382084e-02
1.886670000000000069e+00 -8.732450532191292011e-03
1.899999999999999911e+00 -1.081955972994920294e-02
1.913329999999999975e+00 -1.151150888596608191e-02
1.926670000000000105e+00 -8.516582858697692784e-03
1.939999999999999947e+00 -9.442274001591964908e-03
1.953330000000000011e+00 -9.487214370472429534e-03
1.966669999999999918e+00 -9.441940368533340358e-03
1.979999999999999982e+00 -9.870254532181824830e-03
1.993330000000000046e+00 -1.008090151423921520e-02
2.006670000000000176e+00 -8.536452036395790824e-03
2.020000000000000018e+00 -8.572663256486080102e-03
2.033329999999999860e+00 -8.219790567706703951e-03
2.046670000000000211e+00 -7.424050739109080976e-03
2.060000000000000053e+00 -8.004934571920046052e-03
2.073329999999999895e+00 -5.760231509795211459e-03
2.086669999999999803e+00 -8.422571848805413333e-03
2.100000000000000089e+00 -5.114155277283516897e-03
2.113329999999999931e+00 -6.805388505097136748e-03
2.126669999999999838e+00 -6.836203973063884574e-03
2.140000000000000124e+00 -5.164194715961674918e-03
2.153329999999999966e+00 -3.824007581384224978e-03
2.166669999999999874e+00 -5.563378003819701399e-03
2.180000000000000160e+00 -3.989853325068591638e-03
2.193330000000000002e+00 -3.572601133461534694e-03
2.206669999999999909e+00 -5.026641255227652476e-03
2.220000000000000195e+00 -5.898611027004334317e-03
2.233330000000000037e+00 -2.239108537580346194e-03
2.246669999999999945e+00 -3.353858995125253827e-03
2.259999999999999787e+00 -3.597478759544867413e-03
2.273330000000000073e+00 -3.930465216529444722e-03
2.286669999999999980e+00 -2.433981354018334171e-03
2.299999999999999822e+00 -3.915613849042458815e-03
2.313330000000000108e+00 -3.648401981100104271e-03
2.326670000000000016e+00 -2.751205133457767030e-03
2.339999999999999858e+00 -2.043551552945596650e-03
2.353330000000000144e+00 -1.699257803989961870e-03
2.366670000000000051e+00 -1.515979697385817695e-03
2.379999999999999893e+00 -2.530363777383942692e-03
2.393330000000000179e+00 -1.437607215886331632e-03
2.406670000000000087e+00 -2.242518041516928119e-03
2.419999999999999929e+00 3.159289290732435109e-03
2.433330000000000215e+00 9.747753067334980750e-04
2.446670000000000122e+00 1.149635033509778049e-03
2.459999999999999964e+00 5.154605711944775957e-04
2.473329999999999806e+00 1.467932612060967581e-03
2.486670000000000158e+00 3.005955816657217804e-03
2.500000000000000000e+00 1.206889579380335210e-03

