9.399999999999999467e-01 2.159177176544667009e+00
9.533329999999999860e-01 1.347418493074332035e+00
9.666670000000000540e-01 7.275760803934743226e-01
9.799999999999999822e-01 2.624356982559737927e-01
9.933330000000000215e-01 -8.505455259252081568e-02
1.006669999999999954e+00 -3.304067644254789493e-01
1.020000000000000018e+00 -4.983705239896004113e-01
1.033330000000000082e+00 -6.074407500040489571e-01
1.046669999999999989e+00 -6.676586464986954406e-01
1.060000000000000053e+00 -6.943290164390248931e-01
1.073329999999999895e+00 -6.899621644204763093e-01
1.086670000000000025e+00 -6.634261958669035453e-01
1.100000000000000089e+00 -6.233659385356472571e-01
1.113329999999999931e+00 -5.783386156312819715e-01
1.126670000000000060e+00 -5.245916795962002332e-01
1.139999999999999902e+00 -4.699895604459120579e-01
1.153329999999999966e+00 -4.239669564911417998e-01
1.166670000000000096e+00 -3.825958751594648044e-01
1.179999999999999938e+00 -3.442792613850014227e-01
1.193330000000000002e+00 -3.121443040023222371e-01
1.206669999999999909e+00 -2.851781387743880236e-01
1.219999999999999973e+00 -2.590495118981348543e-01
1.233330000000000037e+00 -2.362593173214031228e-01
1.246669999999999945e+00 -2.200573010910771288e-01
1.260000000000000009e+00 -1.994290422125239715e-01
1.273330000000000073e+00 -1.884576588635869243e-01
1.286669999999999980e+00 -1.694075905701220575e-01
1.300000000000000044e+00 -1.571781667702495111e-01
1.313330000000000108e+00 -1.481812576941045623e-01
1.326670000000000016e+00 -1.367310586437283371e-01
1.340000000000000080e+00 -1.276343982254422860e-01
1.353329999999999922e+00 -1.190269673720072557e-01
1.366670000000000051e+00 -1.100240234347599488e-01
1.379999999999999893e+00 -1.014058819697606917e-01
1.393329999999999957e+00 -9.405077068909432902e-02
1.406670000000000087e+00 -9.013486908774676065e-02
1.419999999999999929e+00 -8.514918090481517210e-02
1.433329999999999993e+00 -8.047298085085345665e-02
1.446669999999999900e+00 -7.508091636436016458e-02
1.459999999999999964e+00 -7.384815905198613417e-02
1.473330000000000028e+00 -6.796881716909823623e-02
1.486669999999999936e+00 -6.550215793335431580e-02
1.500000000000000000e+00 -6.235694435535951013e-02
1.513330000000000064e+00 -5.842692441223817923e-02
1.526669999999999972e+00 -5.494842205762752452e-02
1.540000000000000036e+00 -5.326749865379180882e-02
1.553330000000000100e+00 -4.930539779838781500e-02
1.566670000000000007e+00 -4.724191164678796101e-02
1.580000000000000071e+00 -4.276241946846075920e-02
1.593329999999999913e+00 -4.016958095894216513e-02
1.606670000000000043e+00 -4.107985408660897592e-02
1.620000000000000107e+00 -3.481209535346400236e-02
1.633329999999999949e+00 -3.510994561376168388e-02
1.646670000000000078e+00 -3.071592423214301523e-02
1.659999999999999920e+00 -3.023688983172134748e-02
1.673329999999999984e+00 -2.990218187948843337e-02
1.686669999999999892e+00 -2.762126967748450984e-02
1.699999999999999956e+00 -2.696943362292669039e-02
1.713330000000000020e+00 -2.330344113313774848e-02
1.726669999999999927e+00 -2.490001301533883646e-02
1.739999999999999991e+00 -2.183331191832461535e-02
1.753330000000000055e+00 -2.192860167585716780e-02
1.766669999999999963e+00 -2.179849130456922718e-02
1.780000000000000027e+00 -2.120569364802212670e-02
1.793330000000000091e+00 -1.819284374996422982e-02
1.806669999999999998e+00 -1.812356985745963364e-02
1.820000000000000062e+00 -1.596913915501328024e-02
1.833329999999999904e+00 -1.652811079050922963e-02
1.846670000000000034e+00 -1.595983720667704456e-02
1.860000000000000098e+00 -1.452689058025165639e-02
1.873329999999999940e+00 -1.197325454022020973e-02
1.886670000000000069e+00 -1.264808960871229709e-02
1.899999999999999911e+00 -1.156898325551004685e-02
1.913329999999999975e+00 -1.115924186298246183e-02
1.926670000000000105e+00 -1.037455736215868278e-02
1.939999999999999947e+00 -1.101168048037124564e-02
1.953330000000000011e+00 -8.559898136439331867e-03
1.966669999999999918e+00 -7.915360100664421000e-03
1.979999999999999982e+00 -9.835975245452941232e-03
1.993330000000000046e+00 -9.908110378507311786e-03
2.006670000000000176e+00 -7.106917401311084112e-03
2.020000000000000018e+00 -8.831074261932105735e-03
2.033329999999999860e+00 -8.989110229062390392e-03
2.046670000000000211e+00 -1.046535229533420569e-02
2.060000000000000053e+00 -9.225517274520745464e-03
2.073329999999999895e+00 -8.877413650098349082e-03
2.086669999999999803e+00 -7.736307501231269590e-03
2.100000000000000089e+00 -6.252548388833567908e-03
2.113329999999999931e+00 -6.532399689831385955e-03
2.126669999999999838e+00 -5.436651276687524265e-03
2.140000000000000124e+00 -6.677175586184810364e-03
2.153329999999999966e+00 -4.412170441210062390e-03
2.166669999999999874e+00 -4.509397708461775414e-03
2.180000000000000160e+00 -1.153377636562580777e-03
2.193330000000000002e+00 -1.829226659110086591e-03
2.206669999999999909e+00 -2.060896459053611525e-03
2.220000000000000195e+00 -5.448286404959930707e-04
2.233330000000000037e+00 -4.834333817118700296e-04
2.246669999999999945e+00 -1.915445881551300269e-03
2.259999999999999787e+00 -2.325706732080084788e-03
2.273330000000000073e+00 -3.743421729612302247e-03
2.286669999999999980e+00 -1.614098290250580523e-03
2.299999999999999822e+00 -7.186258795365038209e-04
2.313330000000000108e+00 -1.696553618459442679e-03
2.326670000000000016e+00 -2.555160943098116859e-03
2.339999999999999858e+00 -2.257595671828498910e-03
2.353330000000000144e+00 -1.757483005996473939e-03
2.366670000000000051e+00 -2.553406203683900293e-03
2.379999999999999893e+00 -1.016386127835331278e-03
2.393330000000000179e+00 -2.098518174789433099e-03
2.406670000000000087e+00 -2.223001636094607165e-03
2.419999999999999929e+00 -2.220406192909142509e-03
2.433330000000000215e+00 -4.031604975247341481e-03
2.446670000000000122e+00 -2.689815583609627553e-03
2.459999999999999964e+00 -2.803834610433831795e-03
2.473329999999999806e+00 -5.029712979874652757e-04
2.486670000000000158e+00 -4.401420676988541253e-03
2.500000000000000000e+00 -3.550713552959135991e-03