9.399999999999999467e-01 9.256308619723705888e+00
9.533329999999999860e-01 5.862670707608117482e+00
9.666670000000000540e-01 3.478588515030406114e+00
9.799999999999999822e-01 1.750470946368603231e+00
9.933330000000000215e-01 5.444724249423827933e-01
1.006669999999999954e+00 -2.414382030377706934e-01
1.020000000000000018e+00 -7.145466401100624143e-01
1.033330000000000082e+00 -9.745108688957978549e-01
1.046669999999999989e+00 -1.092979342998455117e+00
1.060000000000000053e+00 -1.120281283925743665e+00
1.073329999999999895e+00 -1.084947680544396720e+00
1.086670000000000025e+00 -1.009640018429502240e+00
1.100000000000000089e+00 -9.090365065867115346e-01
1.113329999999999931e+00 -7.825858687709611461e-01
1.126670000000000060e+00 -6.543085220545672431e-01
1.139999999999999902e+00 -5.403705497118490575e-01
1.153329999999999966e+00 -4.513074883734369269e-01
1.166670000000000096e+00 -3.842609906497883587e-01
1.179999999999999938e+00 -3.305813112597019710e-01
1.193330000000000002e+00 -2.821124162857514550e-01
1.206669999999999909e+00 -2.534940938110882280e-01
1.219999999999999973e+00 -2.260708472881303166e-01
1.233330000000000037e+00 -2.024408789288903165e-01
1.246669999999999945e+00 -1.808420300852225382e-01
1.260000000000000009e+00 -1.630112148566268682e-01
1.273330000000000073e+00 -1.495613490809508117e-01
1.286669999999999980e+00 -1.350211686012007528e-01
1.300000000000000044e+00 -1.223920830483048866e-01
1.313330000000000108e+00 -1.136040957260300299e-01
1.326670000000000016e+00 -1.037642886661383768e-01
1.340000000000000080e+00 -9.687097772466304879e-02
1.353329999999999922e+00 -9.128456249292264679e-02
1.366670000000000051e+00 -8.236673024377318131e-02
1.379999999999999893e+00 -7.808733443397657126e-02
1.393329999999999957e+00 -7.166269120388078784e-02
1.406670000000000087e+00 -6.739180591775489892e-02
1.419999999999999929e+00 -6.566271520217753510e-02
1.433329999999999993e+00 -5.891211595952188657e-02
1.446669999999999900e+00 -5.531521418517584832e-02
1.459999999999999964e+00 -5.181930341470732809e-02
1.473330000000000028e+00 -4.837583300396510605e-02
1.486669999999999936e+00 -4.444614691571353166e-02
1.500000000000000000e+00 -4.528109948594662149e-02
1.513330000000000064e+00 -3.919966277356327911e-02
1.526669999999999972e+00 -3.853452529851911224e-02
1.540000000000000036e+00 -3.717218171398362081e-02
1.553330000000000100e+00 -3.295022177517750728e-02
1.566670000000000007e+00 -3.525469429627491047e-02
1.580000000000000071e+00 -3.099899038902862239e-02
1.593329999999999913e+00 -2.788311273027543197e-02
1.606670000000000043e+00 -2.692529277522509937e-02
1.620000000000000107e+00 -2.615676532769014087e-02
1.633329999999999949e+00 -2.510005631962019743e-02
1.646670000000000078e+00 -2.104186207072500370e-02
1.659999999999999920e+00 -2.175096592528240336e-02
1.673329999999999984e+00 -2.004449363764627956e-02
1.686669999999999892e+00 -2.098187947708012382e-02
1.699999999999999956e+00 -1.822104938422731968e-02
1.713330000000000020e+00 -1.796344207451662164e-02
1.726669999999999927e+00 -1.660538134364052468e-02
1.739999999999999991e+00 -1.635995276798316370e-02
1.753330000000000055e+00 -1.407441981481826788e-02
1.766669999999999963e+00 -1.471193237961655222e-02
1.780000000000000027e+00 -1.616096696981874845e-02
1.793330000000000091e+00 -1.522356992678169235e-02
1.806669999999999998e+00 -1.256471490757595129e-02
1.820000000000000062e+00 -1.299114413201312053e-02
1.833329999999999904e+00 -1.460139129514947780e-02
1.846670000000000034e+00 -1.225303859165651106e-02
1.860000000000000098e+00 -1.061704075885703744e-02
1.873329999999999940e+00 -1.032828571644829087e-02
1.886670000000000069e+00 -7.369647397359740601e-03
1.899999999999999911e+00 -1.006605725708682383e-02
1.913329999999999975e+00 -9.803308362563285111e-03
1.926670000000000105e+00 -9.754151274754447459e-03
1.939999999999999947e+00 -8.235330182264978191e-03
1.953330000000000011e+00 -8.277776460713528670e-03
1.966669999999999918e+00 -6.649559872641601539e-03
1.979999999999999982e+00 -8.829633241709586300e-03
1.993330000000000046e+00 -5.680626780906292139e-03
2.006670000000000176e+00 -7.305644190685509076e-03
2.020000000000000018e+00 -5.958085143784337852e-03
2.033329999999999860e+00 -6.255785918564248788e-03
2.046670000000000211e+00 -4.133108365689371934e-03
2.060000000000000053e+00 -5.188652046575996726e-03
2.073329999999999895e+00 -5.463569024024000388e-03
2.086669999999999803e+00 -3.579849195679020261e-03
2.100000000000000089e+00 -4.512036663758629308e-03
2.113329999999999931e+00 -4.521108117378223705e-03
2.126669999999999838e+00 -3.172804099172330493e-03
2.140000000000000124e+00 -4.248642393111576668e-03
2.153329999999999966e+00 -4.466085461408430407e-03
2.166669999999999874e+00 -3.746437199075284066e-03
2.180000000000000160e+00 -3.830749462821560637e-03
2.193330000000000002e+00 -8.273182220810235566e-04
2.206669999999999909e+00 -5.536896868701072366e-04
2.220000000000000195e+00 -2.468825968114571594e-03
2.233330000000000037e+00 -1.572234683307779761e-03
2.246669999999999945e+00 -1.009839623770007413e-04
2.259999999999999787e+00 -1.750584491506276342e-03
2.273330000000000073e+00 -2.149574943083844975e-03
2.286669999999999980e+00 -2.187002513438478322e-03
2.299999999999999822e+00 -3.634738221245661319e-03
2.313330000000000108e+00 -2.648062654629841726e-03
2.326670000000000016e+00 -1.485863794497401707e-03
2.339999999999999858e+00 -2.580504135485362470e-03
2.353330000000000144e+00 -2.678816996388715555e-03
2.366670000000000051e+00 -2.961889536302330338e-03
2.379999999999999893e+00 -8.789454127145146988e-04
2.393330000000000179e+00 -4.161018214781587315e-03
2.406670000000000087e+00 -3.667793693140637798e-04
2.419999999999999929e+00 -2.222242295419126775e-05
2.433330000000000215e+00 -1.864266129421480100e-03
2.446670000000000122e+00 1.026993036796938595e-04
2.459999999999999964e+00 -2.144770338815363189e-03
2.473329999999999806e+00 2.360902022394436358e-03
2.486670000000000158e+00 -1.162214686805115773e-03
2.500000000000000000e+00 -5.316477292923117628e-04
