9.399999999999999467e-01 3.942839043099906959e+00
9.533329999999999860e-01 2.526613068620040536e+00
9.666670000000000540e-01 1.442245450285635000e+00
9.799999999999999822e-01 6.370065939833431390e-01
9.933330000000000215e-01 5.313168331254334437e-02
1.006669999999999954e+00 -3.517737180358028182e-01
1.020000000000000018e+00 -6.244286021049701985e-01
1.033330000000000082e+00 -7.874753693812375221e-01
1.046669999999999989e+00 -8.751738500384538266e-01
1.060000000000000053e+00 -8.990850256887286118e-01
1.073329999999999895e+00 -8.821176257885200434e-01
1.086670000000000025e+00 -8.372163834215750056e-01
1.100000000000000089e+00 -7.712927353583159951e-01
1.113329999999999931e+00 -6.923656953638314127e-01
1.126670000000000060e+00 -6.046244653836794214e-01
1.139999999999999902e+00 -5.258775830961935904e-01
1.153329999999999966e+00 -4.592293303875472632e-01
1.166670000000000096e+00 -4.017347800158115878e-01
1.179999999999999938e+00 -3.542668063902021935e-01
1.193330000000000002e+00 -3.148050745592452238e-01
1.206669999999999909e+00 -2.798505286181264262e-01
1.219999999999999973e+00 -2.553086235629084544e-01
1.233330000000000037e+00 -2.251363930470465791e-01
1.246669999999999945e+00 -2.044669157083560951e-01
1.260000000000000009e+00 -1.862561256795547959e-01
1.273330000000000073e+00 -1.705837810023718148e-01
1.286669999999999980e+00 -1.553709594382120529e-01
1.300000000000000044e+00 -1.409204110124236131e-01
1.313330000000000108e+00 -1.316509077698163332e-01
1.326670000000000016e+00 -1.224318772292076890e-01
1.340000000000000080e+00 -1.075855745273771591e-01
1.353329999999999922e+00 -1.036196576522305790e-01
1.366670000000000051e+00 -9.473302860862541086e-02
1.379999999999999893e+00 -9.043542199859011532e-02
1.393329999999999957e+00 -8.187128463301246439e-02
1.406670000000000087e+00 -7.718213786772411267e-02
1.419999999999999929e+00 -7.137585546476189757e-02
1.433329999999999993e+00 -6.450373265264389144e-02
1.446669999999999900e+00 -6.252378091580093611e-02
1.459999999999999964e+00 -6.045242655263984022e-02
1.473330000000000028e+00 -5.730406933826057148e-02
1.486669999999999936e+00 -5.213012979056371593e-02
1.500000000000000000e+00 -4.955898511406754692e-02
1.513330000000000064e+00 -4.710368129337403481e-02
1.526669999999999972e+00 -4.250601026403021815e-02
1.540000000000000036e+00 -4.146033610353344612e-02
1.553330000000000100e+00 -3.935474467896452749e-02
1.566670000000000007e+00 -3.859688032036323602e-02
1.580000000000000071e+00 -3.484378893086532980e-02
1.593329999999999913e+00 -3.268840169941788359e-02
1.606670000000000043e+00 -3.158315400624369523e-02
1.620000000000000107e+00 -3.115471184196630036e-02
1.633329999999999949e+00 -2.982961680692074180e-02
1.646670000000000078e+00 -2.696412982933260941e-02
1.659999999999999920e+00 -2.583515057846635238e-02
1.673329999999999984e+00 -2.431794039923381584e-02
1.686669999999999892e+00 -2.542556369304483851e-02
1.699999999999999956e+00 -2.363695296724764236e-02
1.713330000000000020e+00 -2.178970724884002341e-02
1.726669999999999927e+00 -2.104734862717120777e-02
1.739999999999999991e+00 -2.106456796371465254e-02
1.753330000000000055e+00 -1.892290363672861561e-02
1.766669999999999963e+00 -1.838127544515194903e-02
1.780000000000000027e+00 -1.813852426738198076e-02
1.793330000000000091e+00 -1.471564293759468692e-02
1.806669999999999998e+00 -1.353879927655124785e-02
1.820000000000000062e+00 -1.537253422026276482e-02
1.833329999999999904e+00 -1.540247420925787772e-02
1.846670000000000034e+00 -1.444177900816576154e-02
1.860000000000000098e+00 -1.302601144833103776e-02
1.873329999999999940e+00 -1.161482351589830479e-02
1.886670000000000069e+00 -1.011068184644444215e-02
1.899999999999999911e+00 -9.747326286855437574e-03
1.913329999999999975e+00 -9.834226695367128193e-03
1.926670000000000105e+00 -7.714006885508261149e-03
1.939999999999999947e+00 -1.034315859718499576e-02
1.953330000000000011e+00 -9.431410950753758154e-03
1.966669999999999918e+00 -8.149567616821635357e-03
1.979999999999999982e+00 -1.018153473944503201e-02
1.993330000000000046e+00 -9.018032796012338120e-03
2.006670000000000176e+00 -7.180600372883206607e-03
2.020000000000000018e+00 -5.897449805980000542e-03
2.033329999999999860e+00 -7.985099118180988276e-03
2.046670000000000211e+00 -6.810738382101509496e-03
2.060000000000000053e+00 -7.001376729103061039e-03
2.073329999999999895e+00 -5.978821290579933861e-03
2.086669999999999803e+00 -6.715593837768454172e-03
2.100000000000000089e+00 -8.513744865262745307e-03
2.113329999999999931e+00 -4.899728249932386315e-03
2.126669999999999838e+00 -5.544241454666323787e-03
2.140000000000000124e+00 -4.213334068054163002e-03
2.153329999999999966e+00 -2.916921328119905215e-03
2.166669999999999874e+00 -5.223055774671704274e-03
2.180000000000000160e+00 -2.169725095690677990e-03
2.193330000000000002e+00 -2.876682295635841092e-03
2.206669999999999909e+00 -4.677631707846726349e-03
2.220000000000000195e+00 -4.115070335689745284e-03
2.233330000000000037e+00 -3.358762452023704437e-03
2.246669999999999945e+00 -2.108823445526252297e-03
2.259999999999999787e+00 -3.821959734084748924e-03
2.273330000000000073e+00 -4.532875187274209607e-03
2.286669999999999980e+00 -4.566402742869267624e-03
2.299999999999999822e+00 -1.928769926897860214e-03
2.313330000000000108e+00 -1.052703867540825304e-03
2.326670000000000016e+00 -1.586308352898031142e-03
2.339999999999999858e+00 -1.093322266486755710e-03
2.353330000000000144e+00 -1.429048403939285053e-03
2.366670000000000051e+00 -1.192440695347831738e-03
2.379999999999999893e+00 4.386330042558565854e-04
2.393330000000000179e+00 -1.319029629759986555e-03
2.406670000000000087e+00 -1.126196015537821128e-03
2.419999999999999929e+00 1.716936904234585498e-03
2.433330000000000215e+00 -5.955677757369410175e-04
2.446670000000000122e+00 -1.849779349748263951e-03
2.459999999999999964e+00 -3.895945807455382121e-03
2.473329999999999806e+00 7.429858854362156556e-05
2.486670000000000158e+00 -2.247419841243354123e-03
2.500000000000000000e+00 -7.066378122276606487e-04

