9.399999999999999467e-01 5.517270734287677669e+00
9.533329999999999860e-01 3.514161233128903827e+00
9.666670000000000540e-01 2.069933348678967278e+00
9.799999999999999822e-01 9.783799118310037013e-01
9.933330000000000215e-01 2.051308934565912179e-01
1.006669999999999954e+00 -3.265230163568262900e-01
1.020000000000000018e+00 -6.658533976540891297e-01
1.033330000000000082e+00 -8.685481056510196973e-01
1.046669999999999989e+00 -9.666465145930347447e-01
1.060000000000000053e+00 -9.973522684420311757e-01
1.073329999999999895e+00 -9.720615914087069598e-01
1.086670000000000025e+00 -9.130899041342318556e-01
1.100000000000000089e+00 -8.303294265237685101e-01
1.113329999999999931e+00 -7.358634804467362178e-01
1.126670000000000060e+00 -6.297565703126446479e-01
1.139999999999999902e+00 -5.343257997066567233e-01
1.153329999999999966e+00 -4.582362976861216186e-01
1.166670000000000096e+00 -3.963802310157359954e-01
1.179999999999999938e+00 -3.443839045447741332e-01
1.193330000000000002e+00 -2.992713100268162285e-01
1.206669999999999909e+00 -2.692943218390023707e-01
1.219999999999999973e+00 -2.412501849614075988e-01
1.233330000000000037e+00 -2.167980942587127424e-01
1.246669999999999945e+00 -1.954409560359355869e-01
1.260000000000000009e+00 -1.768987604480480869e-01
1.273330000000000073e+00 -1.631641572773601390e-01
1.286669999999999980e+00 -1.462374792965745463e-01
1.300000000000000044e+00 -1.340245197605300920e-01
1.313330000000000108e+00 -1.218745263127459511e-01
1.326670000000000016e+00 -1.153492052937087620e-01
1.340000000000000080e+00 -1.053035962783103463e-01
1.353329999999999922e+00 -9.793296188120084733e-02
1.366670000000000051e+00 -8.836002323733414821e-02
1.379999999999999893e+00 -8.556380626284547375e-02
1.393329999999999957e+00 -7.814530597432182979e-02
1.406670000000000087e+00 -7.644059427909180582e-02
1.419999999999999929e+00 -7.133865272001689573e-02
1.433329999999999993e+00 -6.601342759326500609e-02
1.446669999999999900e+00 -6.131227273840691994e-02
1.459999999999999964e+00 -5.964004271364776316e-02
1.473330000000000028e+00 -5.704960194775160476e-02
1.486669999999999936e+00 -5.210180494914088550e-02
1.500000000000000000e+00 -4.985648824720558675e-02
1.513330000000000064e+00 -4.687792869945949653e-02
1.526669999999999972e+00 -4.289655667604014289e-02
1.540000000000000036e+00 -4.243063099113003611e-02
1.553330000000000100e+00 -4.434154511232152318e-02
1.566670000000000007e+00 -3.813049977573859661e-02
1.580000000000000071e+00 -3.551376552623798644e-02
1.593329999999999913e+00 -3.561589404670555820e-02
1.606670000000000043e+00 -3.400921713669787655e-02
1.620000000000000107e+00 -3.138050170347116835e-02
1.633329999999999949e+00 -2.905303557750545107e-02
1.646670000000000078e+00 -2.948227745036969411e-02
1.659999999999999920e+00 -2.563703094104679420e-02
1.673329999999999984e+00 -2.661325606238823527e-02
1.686669999999999892e+00 -2.254087309032377570e-02
1.699999999999999956e+00 -2.217928192860712036e-02
1.713330000000000020e+00 -1.945897551246739479e-02
1.726669999999999927e+00 -2.140981121396473216e-02
1.739999999999999991e+00 -1.999560003230919231e-02
1.753330000000000055e+00 -1.735111320854383632e-02
1.766669999999999963e+00 -1.721930104002914949e-02
1.780000000000000027e+00 -1.627931332282463867e-02
1.793330000000000091e+00 -1.617351854048553958e-02
1.806669999999999998e+00 -1.665704483945585485e-02
1.820000000000000062e+00 -1.550518784500414318e-02
1.833329999999999904e+00 -1.635872530381388135e-02
1.846670000000000034e+00 -1.369678197066712122e-02
1.860000000000000098e+00 -1.170376140534909459e-02
1.873329999999999940e+00 -1.012519959571356841e-02
1.886670000000000069e+00 -8.515523218659070553e-03
1.899999999999999911e+00 -8.804089687986210722e-03
1.913329999999999975e+00 -8.110982227192430755e-03
1.926670000000000105e+00 -7.420815862350110467e-03
1.939999999999999947e+00 -9.178760249885450223e-03
1.953330000000000011e+00 -7.789402696282103113e-03
1.966669999999999918e+00 -8.192916888637078593e-03
1.979999999999999982e+00 -8.862675386302761027e-03
1.993330000000000046e+00 -6.643635369578558894e-03
2.006670000000000176e+00 -6.229038563727983674e-03
2.020000000000000018e+00 -8.624697995477959359e-03
2.033329999999999860e+00 -7.981924611746279985e-03
2.046670000000000211e+00 -5.160117349502072771e-03
2.060000000000000053e+00 -5.304195694949880892e-03
2.073329999999999895e+00 -4.629372531504570912e-03
2.086669999999999803e+00 -4.612012683501116352e-03
2.100000000000000089e+00 -5.204775737433827570e-03
2.113329999999999931e+00 -4.636299393191583434e-03
2.126669999999999838e+00 -2.684230973434220506e-03
2.140000000000000124e+00 -3.893362435841101529e-03
2.153329999999999966e+00 -3.824025273440255675e-03
2.166669999999999874e+00 -3.817047519950322876e-03
2.180000000000000160e+00 -5.403509457161648731e-03
2.193330000000000002e+00 -3.116136478749137809e-03
2.206669999999999909e+00 -3.114059929595000987e-03
2.220000000000000195e+00 -4.052113551642461294e-03
2.233330000000000037e+00 -7.763874667027576221e-04
2.246669999999999945e+00 -4.746537546481765547e-03
2.259999999999999787e+00 -3.282315940389965176e-03
2.273330000000000073e+00 -1.103628271616475566e-03
2.286669999999999980e+00 -4.247080224307466130e-03
2.299999999999999822e+00 -4.173788369952207214e-03
2.313330000000000108e+00 -2.954145128634600402e-03
2.326670000000000016e+00 -2.213097723665347072e-03
2.339999999999999858e+00 -2.940144738767741864e-04
2.353330000000000144e+00 3.293728657972573234e-04
2.366670000000000051e+00 6.218393775733657008e-05
2.379999999999999893e+00 -4.556453910949155323e-04
2.393330000000000179e+00 -2.568568683966682576e-03
2.406670000000000087e+00 5.263128611159666442e-04
2.419999999999999929e+00 2.675614441463198558e-04
2.433330000000000215e+00 -3.081356077953603580e-03
2.446670000000000122e+00 -2.194305633750813674e-03
2.459999999999999964e+00 -7.322549340095413665e-04
2.473329999999999806e+00 -1.718502092261159006e-03
2.486670000000000158e+00 -1.611024474504253344e-03
2.500000000000000000e+00 -2.096303672092082553e-04
