9.399999999999999467e-01 3.265510758458065155e+00
9.533329999999999860e-01 2.061758524741528653e+00
9.666670000000000540e-01 1.156129675579944172e+00
9.799999999999999822e-01 4.809692348902712133e-01
9.933330000000000215e-01 -1.095954124489115396e-02
1.006669999999999954e+00 -3.589250205598756294e-01
1.020000000000000018e+00 -5.906365533735196127e-01
1.033330000000000082e+00 -7.355800744859296580e-01
1.046669999999999989e+00 -8.124306582083971051e-01
1.060000000000000053e+00 -8.361315681039779291e-01
1.073329999999999895e+00 -8.235322934763944502e-01
1.086670000000000025e+00 -7.831035528847120064e-01
1.100000000000000089e+00 -7.247521267035044179e-01
1.113329999999999931e+00 -6.574879314709801692e-01
1.126670000000000060e+00 -5.797723151309256417e-01
1.139999999999999902e+00 -5.102949239237816181e-01
1.153329999999999966e+00 -4.468600401123972166e-01
1.166670000000000096e+00 -3.989337156749839242e-01
1.179999999999999938e+00 -3.554497083368102772e-01
1.193330000000000002e+00 -3.131216857592672431e-01
1.206669999999999909e+00 -2.847161166558678236e-01
1.219999999999999973e+00 -2.581239780945603912e-01
1.233330000000000037e+00 -2.314257486871260372e-01
1.246669999999999945e+00 -2.154852028501275663e-01
1.260000000000000009e+00 -1.961403701330098892e-01
1.273330000000000073e+00 -1.768747584146551366e-01
1.286669999999999980e+00 -1.639202329816273895e-01
1.300000000000000044e+00 -1.504583314890431678e-01
1.313330000000000108e+00 -1.390747495500387343e-01
1.326670000000000016e+00 -1.307772893525315228e-01
1.340000000000000080e+00 -1.206716751198311510e-01
1.353329999999999922e+00 -1.149185104039852218e-01
1.366670000000000051e+00 -1.041305594321014355e-01
1.379999999999999893e+00 -9.852922689429324810e-02
1.393329999999999957e+00 -8.898131059792845077e-02
1.406670000000000087e+00 -8.697810049862030046e-02
1.419999999999999929e+00 -7.845380468285835518e-02
1.433329999999999993e+00 -7.312826770976446622e-02
1.446669999999999900e+00 -6.739627752682741946e-02
1.459999999999999964e+00 -6.313918463496896727e-02
1.473330000000000028e+00 -5.940660829042306718e-02
1.486669999999999936e+00 -5.739826494596029366e-02
1.500000000000000000e+00 -5.598183056698916721e-02
1.513330000000000064e+00 -4.911332311307860937e-02
1.526669999999999972e+00 -4.593407647828337548e-02
1.540000000000000036e+00 -4.575849014596733433e-02
1.553330000000000100e+00 -4.223252493480660757e-02
1.566670000000000007e+00 -4.012861248726767166e-02
1.580000000000000071e+00 -3.949098790067313153e-02
1.593329999999999913e+00 -3.611379857581468317e-02
1.606670000000000043e+00 -3.625379078222672885e-02
1.620000000000000107e+00 -3.290751345391469684e-02
1.633329999999999949e+00 -3.481006199494759284e-02
1.646670000000000078e+00 -3.180503596839951569e-02
1.659999999999999920e+00 -2.675276758097692997e-02
1.673329999999999984e+00 -2.618358626314391119e-02
1.686669999999999892e+00 -2.446681396790826094e-02
1.699999999999999956e+00 -2.165128163487990004e-02
1.713330000000000020e+00 -2.149969170253109019e-02
1.726669999999999927e+00 -2.044174501294343527e-02
1.739999999999999991e+00 -1.891029415448418002e-02
1.753330000000000055e+00 -1.721020962672711527e-02
1.766669999999999963e+00 -1.750776315681320736e-02
1.780000000000000027e+00 -1.473411724125267032e-02
1.793330000000000091e+00 -1.689643511415158186e-02
1.806669999999999998e+00 -1.388653348549714721e-02
1.820000000000000062e+00 -1.482320637573911887e-02
1.833329999999999904e+00 -1.382847046997769461e-02
1.846670000000000034e+00 -1.297842834083273549e-02
1.860000000000000098e+00 -1.258938069187068645e-02
1.873329999999999940e+00 -9.919307045472745832e-03
1.886670000000000069e+00 -9.166420593960240143e-03
1.899999999999999911e+00 -8.789498755598083857e-03
1.913329999999999975e+00 -8.556371975028299534e-03
1.926670000000000105e+00 -7.504406910712966769e-03
1.939999999999999947e+00 -9.368052321118376657e-03
1.953330000000000011e+00 -9.309037823140608667e-03
1.966669999999999918e+00 -8.175548661854294824e-03
1.979999999999999982e+00 -9.539753048437165511e-03
1.993330000000000046e+00 -6.959300881275684234e-03
2.006670000000000176e+00 -7.315607155365408051e-03
2.020000000000000018e+00 -6.338509942013731760e-03
2.033329999999999860e+00 -8.492730684477339809e-03
2.046670000000000211e+00 -7.724850898665668909e-03
2.060000000000000053e+00 -8.591616021303044234e-03
2.073329999999999895e+00 -5.514752565086710433e-03
2.086669999999999803e+00 -5.386064912209714318e-03
2.100000000000000089e+00 -5.786219114633102054e-03
2.113329999999999931e+00 -6.782751418770475819e-03
2.126669999999999838e+00 -6.180362388805440109e-03
2.140000000000000124e+00 -7.231212761217475221e-03
2.153329999999999966e+00 -4.548547965592609349e-03
2.166669999999999874e+00 -5.243402244403393662e-03
2.180000000000000160e+00 -4.755164854871116696e-03
2.193330000000000002e+00 -4.273594319194182721e-03
2.206669999999999909e+00 -2.888073985597851279e-03
2.220000000000000195e+00 -3.946878954425947147e-03
2.233330000000000037e+00 -3.767580731016921015e-03
2.246669999999999945e+00 -4.125586790779907365e-03
2.259999999999999787e+00 -2.416283207292932358e-03
2.273330000000000073e+00 -3.403992499106949128e-03
2.286669999999999980e+00 -5.305325141982740293e-03
2.299999999999999822e+00 -3.935313672990837716e-03
2.313330000000000108e+00 -3.008345084674011669e-03
2.326670000000000016e+00 -4.171048988739736903e-03
2.339999999999999858e+00 -2.624085790321617137e-03
2.353330000000000144e+00 -2.441663324807579003e-03
2.366670000000000051e+00 -2.877993485561093634e-03
2.379999999999999893e+00 -2.408947057622194601e-03
2.393330000000000179e+00 -1.629343431712329407e-03
2.406670000000000087e+00 -1.826297551321845111e-03
2.419999999999999929e+00 -1.480526170341256312e-03
2.433330000000000215e+00 -1.261366112587667364e-03
2.446670000000000122e+00 -2.089483830826720841e-03
2.459999999999999964e+00 -9.401738295426051656e-04
2.473329999999999806e+00 -1.371642451667892280e-03
2.486670000000000158e+00 -2.060731116357883072e-03
2.500000000000000000e+00 -2.102195603454302269e-04
