9.399999999999999467e-01 3.266824391928893068e-01
9.533329999999999860e-01 2.203376591865538747e-01
9.666670000000000540e-01 1.476299382509808078e-01
9.799999999999999822e-01 8.179625654958641578e-02
9.933330000000000215e-01 3.480954928117815234e-02
1.006669999999999954e+00 2.427794453325681726e-03
1.020000000000000018e+00 -2.402939865365141467e-02
1.033330000000000082e+00 -4.915592612164963043e-02
1.046669999999999989e+00 -6.262968566328570852e-02
1.060000000000000053e+00 -6.927194069835622414e-02
1.073329999999999895e+00 -7.751768917785624435e-02
1.086670000000000025e+00 -7.867972801538758443e-02
1.100000000000000089e+00 -8.160513100862604174e-02
1.113329999999999931e+00 -7.926165598185644368e-02
1.126670000000000060e+00 -7.987580504693853056e-02
1.139999999999999902e+00 -7.987437456038559702e-02
1.153329999999999966e+00 -7.312559713248169280e-02
1.166670000000000096e+00 -7.558213025602238122e-02
1.179999999999999938e+00 -7.100266715412031915e-02
1.193330000000000002e+00 -6.655453183317761034e-02
1.206669999999999909e+00 -6.652735873391703303e-02
1.219999999999999973e+00 -6.481863450348111788e-02
1.233330000000000037e+00 -6.137059403685113379e-02
1.246669999999999945e+00 -5.863534196329008019e-02
1.260000000000000009e+00 -5.974820644967466371e-02
1.273330000000000073e+00 -5.742129323551319747e-02
1.286669999999999980e+00 -5.301454377037097959e-02
1.300000000000000044e+00 -5.159786412493677643e-02
1.313330000000000108e+00 -5.193756740375693459e-02
1.326670000000000016e+00 -4.564241925114678050e-02
1.340000000000000080e+00 -4.772766271219187895e-02
1.353329999999999922e+00 -4.647516233348763376e-02
1.366670000000000051e+00 -4.292618836019791717e-02
1.379999999999999893e+00 -4.383219491806527451e-02
1.393329999999999957e+00 -3.956293197320810001e-02
1.406670000000000087e+00 -4.145991144032122599e-02
1.419999999999999929e+00 -3.594725343865552009e-02
1.433329999999999993e+00 -3.782691979508999436e-02
1.446669999999999900e+00 -3.293018766419583687e-02
1.459999999999999964e+00 -3.607973239091003675e-02
1.473330000000000028e+00 -3.194316550461043236e-02
1.486669999999999936e+00 -3.261285370048433441e-02
1.500000000000000000e+00 -3.004583362759118831e-02
1.513330000000000064e+00 -2.871978512282135146e-02
1.526669999999999972e+00 -3.079860587699396676e-02
1.540000000000000036e+00 -2.993173359403205475e-02
1.553330000000000100e+00 -2.600725953548481059e-02
1.566670000000000007e+00 -2.764610933339987225e-02
1.580000000000000071e+00 -2.393493269289228773e-02
1.593329999999999913e+00 -2.072570959494645162e-02
1.606670000000000043e+00 -2.169212893477209456e-02
1.620000000000000107e+00 -2.006861594985137956e-02
1.633329999999999949e+00 -2.148950322260677684e-02
1.646670000000000078e+00 -1.999365588714806241e-02
1.659999999999999920e+00 -1.673562952966275649e-02
1.673329999999999984e+00 -1.886799927916337979e-02
1.686669999999999892e+00 -1.715010181981467541e-02
1.699999999999999956e+00 -1.695386433213526278e-02
1.713330000000000020e+00 -1.401765406038359488e-02
1.726669999999999927e+00 -1.208812802452402003e-02
1.739999999999999991e+00 -1.261730310494335594e-02
1.753330000000000055e+00 -1.293370380111873684e-02
1.766669999999999963e+00 -1.131763644394586689e-02
1.780000000000000027e+00 -1.116019797754136920e-02
1.793330000000000091e+00 -1.109980215453130678e-02
1.806669999999999998e+00 -1.262599220460952805e-02
1.820000000000000062e+00 -1.035241330343689842e-02
1.833329999999999904e+00 -9.987394930957124023e-03
1.846670000000000034e+00 -9.756260224703829434e-03
1.860000000000000098e+00 -7.386800746524457492e-03
1.873329999999999940e+00 -6.360395528619493255e-03
1.886670000000000069e+00 -5.301135793288004952e-03
1.899999999999999911e+00 -5.557713478494989007e-03
1.913329999999999975e+00 -3.411659957771067796e-03
1.926670000000000105e+00 -1.111670683549912785e-03
1.939999999999999947e+00 -3.397496432921314532e-03
1.953330000000000011e+00 -3.389043281762928964e-03
1.966669999999999918e+00 -7.088946263923866968e-04
1.979999999999999982e+00 -4.234986426315922280e-03
1.993330000000000046e+00 -1.689291185585898745e-03
2.006670000000000176e+00 -9.696632129129303989e-04
2.020000000000000018e+00 -2.977076625290421379e-03
2.033329999999999860e+00 -1.686584679090279105e-03
2.046670000000000211e+00 2.530062158503415710e-03
2.060000000000000053e+00 -1.122047880249812425e-03
2.073329999999999895e+00 1.484081551537838129e-03
2.086669999999999803e+00 -2.693805720936732692e-04
2.100000000000000089e+00 1.867287140548302407e-03
2.113329999999999931e+00 -3.429307493560886398e-05
2.126669999999999838e+00 2.335378935941107969e-03
2.140000000000000124e+00 2.252645850076029268e-03
2.153329999999999966e+00 3.234853128903915527e-03
2.166669999999999874e+00 5.453259169084437438e-04
2.180000000000000160e+00 2.071278165879170390e-03
2.193330000000000002e+00 2.072035946156117821e-04
2.206669999999999909e+00 1.712841958081897124e-03
2.220000000000000195e+00 2.081958778416230418e-03
2.233330000000000037e+00 2.153617864420097599e-03
2.246669999999999945e+00 2.300666495074331613e-03
2.259999999999999787e+00 1.265750631429032706e-03
2.273330000000000073e+00 1.563662077668441942e-03
2.286669999999999980e+00 6.543630675911650150e-04
2.299999999999999822e+00 1.614801363787739643e-03
2.313330000000000108e+00 6.325380996618193592e-04
2.326670000000000016e+00 1.468971527209737577e-03
2.339999999999999858e+00 9.584746785914152224e-04
2.353330000000000144e+00 2.745790636496461129e-03
2.366670000000000051e+00 4.403265275779551062e-03
2.379999999999999893e+00 2.995149137245474002e-03
2.393330000000000179e+00 1.481350840334216042e-03
2.406670000000000087e+00 2.482912220794906543e-03
2.419999999999999929e+00 2.200716539913603539e-03
2.433330000000000215e+00 2.247935116092913011e-03
2.446670000000000122e+00 -1.834345200644658036e-03
2.459999999999999964e+00 -1.199133451257722175e-03
2.473329999999999806e+00 1.528881873729636765e-03
2.486670000000000158e+00 5.800261465389128191e-04
2.500000000000000000e+00 1.363346133483786179e-03

