5.000000000000000000e+01 5.000000000000000000e+01 5.000000000000000000e+01 5.000000000000000000e+01 5.000000000000000000e+01 5.000000000000000000e+01 5.000000000000000000e+01 5.000000000000000000e+01 5.000000000000000000e+01 5.000000000000000000e+01
5.000000000000000000e+01 5.000000000000000000e+01 5.000000000000000000e+01 5.000000000000000000e+01 5.000000000000000000e+01 5.000000000000000000e+01 5.000000000000000000e+01 5.000000000000000000e+01 5.000000000000000000e+01 5.000000000000000000e+01
5.000000000000000000e+01 5.000000000000000000e+01 5.000000000000000000e+01 5.000000000000000000e+01 5.000000000000000000e+01 5.000000000000000000e+01 5.000000000000000000e+01 5.000000000000000000e+01 5.000000000000000000e+01 5.000000000000000000e+01
5.000000000000000000e+01 5.000000000000000000e+01 5.000000000000000000e+01 5.000000000000000000e+01 5.000000000000000000e+01 5.000000000000000000e+01 5.000000000000000000e+01 5.000000000000000000e+01 5.000000000000000000e+01 5.000000000000000000e+01
5.000000000000000000e+01 5.000000000000000000e+01 5.000000000000000000e+01 5.000000000000000000e+01 5.000000000000000000e+01 5.000000000000000000e+01 5.000000000000000000e+01 5.000000000000000000e+01 5.000000000000000000e+01 5.000000000000000000e+01
5.000000000000000000e+01 5.000000000000000000e+01 5.000000000000000000e+01 5.000000000000000000e+01 5.000000000000000000e+01 5.000000000000000000e+01 5.000000000000000000e+01 5.000000000000000000e+01 5.000000000000000000e+01 5.000000000000000000e+01
5.000000000000000000e+01 5.000000000000000000e+01 5.000000000000000000e+01 5.000000000000000000e+01 5.000000000000000000e+01 5.000000000000000000e+01 5.000000000000000000e+01 5.000000000000000000e+01 5.000000000000000000e+01 5.000000000000000000e+01
5.000000000000000000e+01 5.000000000000000000e+01 5.000000000000000000e+01 5.000000000000000000e+01 5.000000000000000000e+01 5.000000000000000000e+01 5.000000000000000000e+01 5.000000000000000000e+01 5.000000000000000000e+01 5.000000000000000000e+01
5.000000000000000000e+01 5.000000000000000000e+01 5.000000000000000000e+01 5.000000000000000000e+01 5.000000000000000000e+01 5.000000000000000000e+01 5.000000000000000000e+01 5.000000000000000000e+01 5.000000000000000000e+01 5.000000000000000000e+01
5.000000000000000000e+01 5.000000000000000000e+01 5.000000000000000000e+01 5.000000000000000000e+01 5.000000000000000000e+01 5.000000000000000000e+01 5.000000000000000000e+01 5.000000000000000000e+01 5.000000000000000000e+01 5.000000000000000000e+01
5.000000000000000000e+01 5.000000000000000000e+01 5.000000000000000000e+01 5.000000000000000000e+01 5.000000000000000000e+01 5.000000000000000000e+01 5.000000000000000000e+01 5.000000000000000000e+01 5.000000000000000000e+01 5.000000000000000000e+01
5.000000000000000000e+01 5.000000000000000000e+01 5.000000000000000000e+01 5.000000000000000000e+01 5.000000000000000000e+01 5.000000000000000000e+01 5.000000000000000000e+01 5.000000000000000000e+01 5.000000000000000000e+01 5.000000000000000000e+01
5.000000000000000000e+01 5.000000000000000000e+01 5.000000000000000000e+01 5.000000000000000000e+01 5.000000000000000000e+01 5.000000000000000000e+01 5.000000000000000000e+01 5.000000000000000000e+01 5.000000000000000000e+01 5.000000000000000000e+01
5.000000000000000000e+01 5.000000000000000000e+01 5.000000000000000000e+01 5.000000000000000000e+01 5.000000000000000000e+01 5.000000000000000000e+01 5.000000000000000000e+01 5.000000000000000000e+01 5.000000000000000000e+01 5.000000000000000000e+01
5.000000000000000000e+01 5.000000000000000000e+01 5.000000000000000000e+01 5.000000000000000000e+01 5.000000000000000000e+01 5.000000000000000000e+01 5.000000000000000000e+01 5.000000000000000000e+01 5.000000000000000000e+01 5.000000000000000000e+01
5.000000000000000000e+01 5.000000000000000000e+01 5.000000000000000000e+01 5.000000000000000000e+01 5.000000000000000000e+01 5.000000000000000000e+01 5.000000000000000000e+01 5.000000000000000000e+01 5.000000000000000000e+01 5.000000000000000000e+01
5.000000000000000000e+01 5.000000000000000000e+01 5.000000000000000000e+01 5.000000000000000000e+01 5.000000000000000000e+01 5.000000000000000000e+01 5.000000000000000000e+01 5.000000000000000000e+01 5.000000000000000000e+01 5.000000000000000000e+01
5.000000000000000000e+01 5.000000000000000000e+01 5.000000000000000000e+01 5.000000000000000000e+01 5.000000000000000000e+01 5.000000000000000000e+01 5.000000000000000000e+01 5.000000000000000000e+01 5.000000000000000000e+01 5.000000000000000000e+01
5.000000000000000000e+01 5.000000000000000000e+01 5.000000000000000000e+01 5.000000000000000000e+01 5.000000000000000000e+01 5.000000000000000000e+01 5.000000000000000000e+01 5.000000000000000000e+01 5.000000000000000000e+01 5.000000000000000000e+01
5.000000000000000000e+01 5.000000000000000000e+01 5.000000000000000000e+01 5.000000000000000000e+01 5.000000000000000000e+01 5.000000000000000000e+01 5.000000000000000000e+01 5.000000000000000000e+01 5.000000000000000000e+01 5.000000000000000000e+01
5.000000000000000000e+01 5.000000000000000000e+01 5.000000000000000000e+01 5.000000000000000000e+01 5.000000000000000000e+01 5.000000000000000000e+01 5.000000000000000000e+01 5.000000000000000000e+01 5.000000000000000000e+01 5.000000000000000000e+01
5.000000000000000000e+01 5.000000000000000000e+01 5.000000000000000000e+01 5.000000000000000000e+01 5.000000000000000000e+01 5.000000000000000000e+01 5.000000000000000000e+01 5.000000000000000000e+01 5.000000000000000000e+01 5.000000000000000000e+01
5.000000000000000000e+01 5.000000000000000000e+01 4.001879334550007883e+00 5.000000000000000000e+01 5.000000000000000000e+01 5.000000000000000000e+01 5.000000000000000000e+01 5.000000000000000000e+01 5.000000000000000000e+01 5.000000000000000000e+01
5.000000000000000000e+01 5.000000000000000000e+01 5.000000000000000000e+01 5.000000000000000000e+01 5.000000000000000000e+01 5.000000000000000000e+01 5.000000000000000000e+01 5.000000000000000000e+01 5.000000000000000000e+01 5.000000000000000000e+01
5.000000000000000000e+01 5.000000000000000000e+01 5.000000000000000000e+01 5.000000000000000000e+01 5.000000000000000000e+01 5.000000000000000000e+01 5.000000000000000000e+01 5.000000000000000000e+01 5.000000000000000000e+01 5.000000000000000000e+01
5.000000000000000000e+01 5.000000000000000000e+01 5.000000000000000000e+01 5.000000000000000000e+01 5.000000000000000000e+01 5.000000000000000000e+01 5.000000000000000000e+01 5.000000000000000000e+01 5.000000000000000000e+01 5.000000000000000000e+01
5.000000000000000000e+01 5.000000000000000000e+01 5.000000000000000000e+01 5.000000000000000000e+01 5.000000000000000000e+01 5.000000000000000000e+01 5.000000000000000000e+01 5.000000000000000000e+01 5.000000000000000000e+01 5.000000000000000000e+01
5.000000000000000000e+01 5.000000000000000000e+01 5.000000000000000000e+01 5.000000000000000000e+01 5.000000000000000000e+01 5.000000000000000000e+01 5.000000000000000000e+01 5.000000000000000000e+01 5.000000000000000000e+01 5.000000000000000000e+01
5.000000000000000000e+01 5.000000000000000000e+01 5.000000000000000000e+01 5.000000000000000000e+01 5.000000000000000000e+01 5.000000000000000000e+01 5.000000000000000000e+01 5.000000000000000000e+01 5.000000000000000000e+01 5.000000000000000000e+01
5.000000000000000000e+01 5.000000000000000000e+01 5.000000000000000000e+01 5.000000000000000000e+01 5.000000000000000000e+01 5.000000000000000000e+01 5.000000000000000000e+01 5.000000000000000000e+01 5.000000000000000000e+01 5.000000000000000000e+01
5.000000000000000000e+01 5.000000000000000000e+01 5.000000000000000000e+01 5.000000000000000000e+01 5.000000000000000000e+01 5.000000000000000000e+01 5.000000000000000000e+01 5.000000000000000000e+01 5.000000000000000000e+01 5.000000000000000000e+01
5.000000000000000000e+01 5.000000000000000000e+01 5.000000000000000000e+01 5.000000000000000000e+01 5.000000000000000000e+01 5.000000000000000000e+01 5.000000000000000000e+01 5.000000000000000000e+01 5.000000000000000000e+01 5.000000000000000000e+01
5.000000000000000000e+01 5.000000000000000000e+01 2.443105135154245211e+00 1.935990759274874629e+00 5.000000000000000000e+01 5.000000000000000000e+01 5.000000000000000000e+01 5.000000000000000000e+01 5.000000000000000000e+01 5.000000000000000000e+01
5.000000000000000000e+01 5.000000000000000000e+01 5.000000000000000000e+01 2.417890731185269537e+00 5.000000000000000000e+01 5.000000000000000000e+01 5.000000000000000000e+01 5.000000000000000000e+01 5.000000000000000000e+01 5.000000000000000000e+01
5.000000000000000000e+01 5.000000000000000000e+01 5.000000000000000000e+01 5.000000000000000000e+01 5.000000000000000000e+01 5.000000000000000000e+01 5.000000000000000000e+01 5.000000000000000000e+01 5.000000000000000000e+01 5.000000000000000000e+01
5.000000000000000000e+01 5.000000000000000000e+01 5.000000000000000000e+01 5.000000000000000000e+01 5.000000000000000000e+01 5.000000000000000000e+01 5.000000000000000000e+01 5.000000000000000000e+01 5.000000000000000000e+01 5.000000000000000000e+01
5.000000000000000000e+01 5.000000000000000000e+01 5.000000000000000000e+01 5.000000000000000000e+01 5.000000000000000000e+01 5.000000000000000000e+01 5.000000000000000000e+01 5.000000000000000000e+01 5.000000000000000000e+01 5.000000000000000000e+01
5.000000000000000000e+01 5.000000000000000000e+01 5.000000000000000000e+01 5.000000000000000000e+01 5.000000000000000000e+01 5.000000000000000000e+01 5.000000000000000000e+01 5.000000000000000000e+01 5.000000000000000000e+01 5.000000000000000000e+01
5.000000000000000000e+01 5.000000000000000000e+01 5.000000000000000000e+01 5.000000000000000000e+01 5.000000000000000000e+01 5.000000000000000000e+01 5.000000000000000000e+01 5.000000000000000000e+01 5.000000000000000000e+01 5.000000000000000000e+01
5.000000000000000000e+01 5.000000000000000000e+01 5.000000000000000000e+01 5.000000000000000000e+01 5.000000000000000000e+01 5.000000000000000000e+01 5.000000000000000000e+01 5.000000000000000000e+01 5.000000000000000000e+01 5.000000000000000000e+01
5.000000000000000000e+01 5.000000000000000000e+01 5.000000000000000000e+01 5.000000000000000000e+01 5.000000000000000000e+01 5.000000000000000000e+01 5.000000000000000000e+01 5.000000000000000000e+01 5.000000000000000000e+01 5.000000000000000000e+01
5.000000000000000000e+01 5.000000000000000000e+01 5.000000000000000000e+01 5.000000000000000000e+01 5.000000000000000000e+01 5.000000000000000000e+01 5.000000000000000000e+01 5.000000000000000000e+01 5.000000000000000000e+01 5.000000000000000000e+01
5.000000000000000000e+01 5.000000000000000000e+01 2.031961759495514830e+00 8.485225683692928511e-01 1.206267100879308884e+00 5.000000000000000000e+01 5.000000000000000000e+01 5.000000000000000000e+01 5.000000000000000000e+01 5.000000000000000000e+01
5.000000000000000000e+01 5.000000000000000000e+01 5.000000000000000000e+01 9.746815224254915533e-01 6.067974807637280810e-01 5.000000000000000000e+01 5.000000000000000000e+01 5.000000000000000000e+01 5.000000000000000000e+01 5.000000000000000000e+01
5.000000000000000000e+01 5.000000000000000000e+01 5.000000000000000000e+01 5.000000000000000000e+01 1.393885601815710862e+00 5.000000000000000000e+01 5.000000000000000000e+01 5.000000000000000000e+01 5.000000000000000000e+01 5.000000000000000000e+01
5.000000000000000000e+01 5.000000000000000000e+01 5.000000000000000000e+01 5.000000000000000000e+01 5.000000000000000000e+01 5.000000000000000000e+01 5.000000000000000000e+01 5.000000000000000000e+01 5.000000000000000000e+01 5.000000000000000000e+01
5.000000000000000000e+01 5.000000000000000000e+01 5.000000000000000000e+01 5.000000000000000000e+01 5.000000000000000000e+01 5.000000000000000000e+01 5.000000000000000000e+01 5.000000000000000000e+01 5.000000000000000000e+01 5.000000000000000000e+01
5.000000000000000000e+01 5.000000000000000000e+01 5.000000000000000000e+01 5.000000000000000000e+01 5.000000000000000000e+01 5.000000000000000000e+01 5.000000000000000000e+01 5.000000000000000000e+01 5.000000000000000000e+01 5.000000000000000000e+01
5.000000000000000000e+01 5.000000000000000000e+01 5.000000000000000000e+01 5.000000000000000000e+01 5.000000000000000000e+01 5.000000000000000000e+01 5.000000000000000000e+01 5.000000000000000000e+01 5.000000000000000000e+01 5.000000000000000000e+01
5.000000000000000000e+01 5.000000000000000000e+01 5.000000000000000000e+01 5.000000000000000000e+01 5.000000000000000000e+01 5.000000000000000000e+01 5.000000000000000000e+01 5.000000000000000000e+01 5.000000000000000000e+01 5.000000000000000000e+01
5.000000000000000000e+01 5.000000000000000000e+01 5.000000000000000000e+01 5.000000000000000000e+01 5.000000000000000000e+01 5.000000000000000000e+01 5.000000000000000000e+01 5.000000000000000000e+01 5.000000000000000000e+01 5.000000000000000000e+01
5.000000000000000000e+01 5.000000000000000000e+01 5.000000000000000000e+01 5.000000000000000000e+01 5.000000000000000000e+01 5.000000000000000000e+01 5.000000000000000000e+01 5.000000000000000000e+01 5.000000000000000000e+01 5.000000000000000000e+01
5.000000000000000000e+01 5.000000000000000000e+01 2.793812358691409425e+00 9.441357690752523180e-01 5.102788982476283985e-01 1.098768550876414674e+00 5.000000000000000000e+01 5.000000000000000000e+01 5.000000000000000000e+01 5.000000000000000000e+01
5.000000000000000000e+01 5.000000000000000000e+01 5.000000000000000000e+01 9.824973101124236941e-01 -9.733936960542403927e-02 4.876076751940979226e-01 5.000000000000000000e+01 5.000000000000000000e+01 5.000000000000000000e+01 5.000000000000000000e+01
5.000000000000000000e+01 5.000000000000000000e+01 5.000000000000000000e+01 5.000000000000000000e+01 1.927128598610798327e-01 9.645927726400213564e-02 5.000000000000000000e+01 5.000000000000000000e+01 5.000000000000000000e+01 5.000000000000000000e+01
5.000000000000000000e+01 5.000000000000000000e+01 5.000000000000000000e+01 5.000000000000000000e+01 5.000000000000000000e+01 1.186777740436839812e+00 5.000000000000000000e+01 5.000000000000000000e+01 5.000000000000000000e+01 5.000000000000000000e+01
5.000000000000000000e+01 5.000000000000000000e+01 5.000000000000000000e+01 5.000000000000000000e+01 5.000000000000000000e+01 5.000000000000000000e+01 5.000000000000000000e+01 5.000000000000000000e+01 5.000000000000000000e+01 5.000000000000000000e+01
5.000000000000000000e+01 5.000000000000000000e+01 5.000000000000000000e+01 5.000000000000000000e+01 5.000000000000000000e+01 5.000000000000000000e+01 5.000000000000000000e+01 5.000000000000000000e+01 5.000000000000000000e+01 5.000000000000000000e+01
5.000000000000000000e+01 5.000000000000000000e+01 5.000000000000000000e+01 5.000000000000000000e+01 5.000000000000000000e+01 5.000000000000000000e+01 5.000000000000000000e+01 5.000000000000000000e+01 5.000000000000000000e+01 5.000000000000000000e+01
5.000000000000000000e+01 5.000000000000000000e+01 5.000000000000000000e+01 5.000000000000000000e+01 5.000000000000000000e+01 5.000000000000000000e+01 5.000000000000000000e+01 5.000000000000000000e+01 5.000000000000000000e+01 5.000000000000000000e+01
5.000000000000000000e+01 5.000000000000000000e+01 5.000000000000000000e+01 5.000000000000000000e+01 5.000000000000000000e+01 5.000000000000000000e+01 5.000000000000000000e+01 5.000000000000000000e+01 5.000000000000000000e+01 5.000000000000000000e+01
5.000000000000000000e+01 5.000000000000000000e+01 5.000000000000000000e+01 5.000000000000000000e+01 5.000000000000000000e+01 5.000000000000000000e+01 5.000000000000000000e+01 5.000000000000000000e+01 5.000000000000000000e+01 5.000000000000000000e+01
5.000000000000000000e+01 5.000000000000000000e+01 5.000000000000000000e+01 2.697713187594674267e+00 1.205953932130990225e+00 7.309139512000895067e-01 1.721242759372761277e+00 5.000000000000000000e+01 5.000000000000000000e+01 5.000000000000000000e+01
5.000000000000000000e+01 5.000000000000000000e+01 5.000000000000000000e+01 1.863121215713750889e+00 3.792720972881314934e-01 1.585012757936861139e-01 1.238898587243955074e+00 5.000000000000000000e+01 5.000000000000000000e+01 5.000000000000000000e+01
5.000000000000000000e+01 5.000000000000000000e+01 5.000000000000000000e+01 5.000000000000000000e+01 5.953401205570325594e-01 -1.321789159401152158e-01 1.064392037782416311e+00 5.000000000000000000e+01 5.000000000000000000e+01 5.000000000000000000e+01
5.000000000000000000e+01 5.000000000000000000e+01 5.000000000000000000e+01 5.000000000000000000e+01 5.000000000000000000e+01 6.046785325723385007e-01 1.337444674912406928e+00 5.000000000000000000e+01 5.000000000000000000e+01 5.000000000000000000e+01
5.000000000000000000e+01 5.000000000000000000e+01 5.000000000000000000e+01 5.000000000000000000e+01 5.000000000000000000e+01 5.000000000000000000e+01 4.070872206036957763e+00 5.000000000000000000e+01 5.000000000000000000e+01 5.000000000000000000e+01
5.000000000000000000e+01 5.000000000000000000e+01 5.000000000000000000e+01 5.000000000000000000e+01 5.000000000000000000e+01 5.000000000000000000e+01 5.000000000000000000e+01 5.000000000000000000e+01 5.000000000000000000e+01 5.000000000000000000e+01
5.000000000000000000e+01 5.000000000000000000e+01 5.000000000000000000e+01 5.000000000000000000e+01 5.000000000000000000e+01 5.000000000000000000e+01 5.000000000000000000e+01 5.000000000000000000e+01 5.000000000000000000e+01 5.000000000000000000e+01
5.000000000000000000e+01 5.000000000000000000e+01 5.000000000000000000e+01 5.000000000000000000e+01 5.000000000000000000e+01 5.000000000000000000e+01 5.000000000000000000e+01 5.000000000000000000e+01 5.000000000000000000e+01 5.000000000000000000e+01
5.000000000000000000e+01 5.000000000000000000e+01 5.000000000000000000e+01 5.000000000000000000e+01 5.000000000000000000e+01 5.000000000000000000e+01 5.000000000000000000e+01 5.000000000000000000e+01 5.000000000000000000e+01 5.000000000000000000e+01
5.000000000000000000e+01 5.000000000000000000e+01 5.000000000000000000e+01 5.000000000000000000e+01 5.000000000000000000e+01 5.000000000000000000e+01 5.000000000000000000e+01 5.000000000000000000e+01 5.000000000000000000e+01 5.000000000000000000e+01
5.000000000000000000e+01 5.000000000000000000e+01 5.000000000000000000e+01 5.000000000000000000e+01 3.804711269639057925e+00 2.124177435521228396e+00 1.962325395011156326e+00 3.695149067127531772e+00 5.000000000000000000e+01 5.000000000000000000e+01
5.000000000000000000e+01 5.000000000000000000e+01 5.000000000000000000e+01 4.606733907964273733e+00 2.101048295433893820e+00 1.422634227898783355e+00 1.548666242606224319e+00 4.272051781465309617e+00 5.000000000000000000e+01 5.000000000000000000e+01
5.000000000000000000e+01 5.000000000000000000e+01 5.000000000000000000e+01 5.000000000000000000e+01 2.010382005748340362e+00 9.972127322622506007e-01 1.726498552830781019e+00 5.457166567156848558e+00 5.000000000000000000e+01 5.000000000000000000e+01
5.000000000000000000e+01 5.000000000000000000e+01 5.000000000000000000e+01 5.000000000000000000e+01 5.000000000000000000e+01 2.030294298413592546e+00 2.965566859222265261e+00 8.022115924618386629e+00 5.000000000000000000e+01 5.000000000000000000e+01
5.000000000000000000e+01 5.000000000000000000e+01 5.000000000000000000e+01 5.000000000000000000e+01 5.000000000000000000e+01 5.000000000000000000e+01 7.174818064231181403e+00 5.000000000000000000e+01 5.000000000000000000e+01 5.000000000000000000e+01
5.000000000000000000e+01 5.000000000000000000e+01 5.000000000000000000e+01 5.000000000000000000e+01 5.000000000000000000e+01 5.000000000000000000e+01 5.000000000000000000e+01 5.000000000000000000e+01 5.000000000000000000e+01 5.000000000000000000e+01
5.000000000000000000e+01 5.000000000000000000e+01 5.000000000000000000e+01 5.000000000000000000e+01 5.000000000000000000e+01 5.000000000000000000e+01 5.000000000000000000e+01 5.000000000000000000e+01 5.000000000000000000e+01 5.000000000000000000e+01
5.000000000000000000e+01 5.000000000000000000e+01 5.000000000000000000e+01 5.000000000000000000e+01 5.000000000000000000e+01 5.000000000000000000e+01 5.000000000000000000e+01 5.000000000000000000e+01 5.000000000000000000e+01 5.000000000000000000e+01
5.000000000000000000e+01 5.000000000000000000e+01 5.000000000000000000e+01 5.000000000000000000e+01 5.000000000000000000e+01 5.000000000000000000e+01 5.000000000000000000e+01 5.000000000000000000e+01 5.000000000000000000e+01 5.000000000000000000e+01
5.000000000000000000e+01 5.000000000000000000e+01 5.000000000000000000e+01 5.000000000000000000e+01 5.000000000000000000e+01 5.000000000000000000e+01 5.000000000000000000e+01 5.000000000000000000e+01 5.000000000000000000e+01 5.000000000000000000e+01
5.000000000000000000e+01 5.000000000000000000e+01 5.000000000000000000e+01 5.000000000000000000e+01 5.000000000000000000e+01 6.262617317608553336e+00 4.379529754475294467e+00 6.481670883671236894e+00 5.000000000000000000e+01 5.000000000000000000e+01
5.000000000000000000e+01 5.000000000000000000e+01 5.000000000000000000e+01 5.000000000000000000e+01 6.110811304740547456e+00 4.359776025739062533e+00 4.287853464656631530e+00 7.770801496337479186e+00 5.000000000000000000e+01 5.000000000000000000e+01
5.000000000000000000e+01 5.000000000000000000e+01 5.000000000000000000e+01 5.000000000000000000e+01 4.480466707487133604e+00 3.646059456931008746e+00 5.026383651064394442e+00 9.968026073673698306e+00 5.000000000000000000e+01 5.000000000000000000e+01
5.000000000000000000e+01 5.000000000000000000e+01 5.000000000000000000e+01 5.000000000000000000e+01 5.000000000000000000e+01 5.134393174893800094e+00 7.174818064231183179e+00 5.000000000000000000e+01 5.000000000000000000e+01 5.000000000000000000e+01
5.000000000000000000e+01 5.000000000000000000e+01 5.000000000000000000e+01 5.000000000000000000e+01 5.000000000000000000e+01 5.000000000000000000e+01 5.000000000000000000e+01 5.000000000000000000e+01 5.000000000000000000e+01 5.000000000000000000e+01
5.000000000000000000e+01 5.000000000000000000e+01 5.000000000000000000e+01 5.000000000000000000e+01 5.000000000000000000e+01 5.000000000000000000e+01 5.000000000000000000e+01 5.000000000000000000e+01 5.000000000000000000e+01 5.000000000000000000e+01
5.000000000000000000e+01 5.000000000000000000e+01 5.000000000000000000e+01 5.000000000000000000e+01 5.000000000000000000e+01 5.000000000000000000e+01 5.000000000000000000e+01 5.000000000000000000e+01 5.000000000000000000e+01 5.000000000000000000e+01
5.000000000000000000e+01 5.000000000000000000e+01 5.000000000000000000e+01 5.000000000000000000e+01 5.000000000000000000e+01 5.000000000000000000e+01 5.000000000000000000e+01 5.000000000000000000e+01 5.000000000000000000e+01 5.000000000000000000e+01
5.000000000000000000e+01 5.000000000000000000e+01 5.000000000000000000e+01 5.000000000000000000e+01 5.000000000000000000e+01 5.000000000000000000e+01 5.000000000000000000e+01 5.000000000000000000e+01 5.000000000000000000e+01 5.000000000000000000e+01
5.000000000000000000e+01 5.000000000000000000e+01 5.000000000000000000e+01 5.000000000000000000e+01 5.000000000000000000e+01 5.000000000000000000e+01 5.000000000000000000e+01 5.000000000000000000e+01 5.000000000000000000e+01 5.000000000000000000e+01
5.000000000000000000e+01 5.000000000000000000e+01 5.000000000000000000e+01 5.000000000000000000e+01 5.000000000000000000e+01 5.000000000000000000e+01 5.000000000000000000e+01 5.000000000000000000e+01 5.000000000000000000e+01 5.000000000000000000e+01
5.000000000000000000e+01 5.000000000000000000e+01 5.000000000000000000e+01 5.000000000000000000e+01 5.000000000000000000e+01 5.000000000000000000e+01 5.000000000000000000e+01 5.000000000000000000e+01 5.000000000000000000e+01 5.000000000000000000e+01
5.000000000000000000e+01 5.000000000000000000e+01 5.000000000000000000e+01 5.000000000000000000e+01 5.000000000000000000e+01 5.000000000000000000e+01 5.000000000000000000e+01 5.000000000000000000e+01 5.000000000000000000e+01 5.000000000000000000e+01
5.000000000000000000e+01 5.000000000000000000e+01 5.000000000000000000e+01 5.000000000000000000e+01 5.000000000000000000e+01 5.000000000000000000e+01 5.000000000000000000e+01 5.000000000000000000e+01 5.000000000000000000e+01 5.000000000000000000e+01
5.000000000000000000e+01 5.000000000000000000e+01 5.000000000000000000e+01 5.000000000000000000e+01 5.000000000000000000e+01 5.000000000000000000e+01 5.000000000000000000e+01 5.000000000000000000e+01 5.000000000000000000e+01 5.000000000000000000e+01
5.000000000000000000e+01 5.000000000000000000e+01 5.000000000000000000e+01 5.000000000000000000e+01 5.000000000000000000e+01 5.000000000000000000e+01 5.000000000000000000e+01 5.000000000000000000e+01 5.000000000000000000e+01 5.000000000000000000e+01
5.000000000000000000e+01 5.000000000000000000e+01 5.000000000000000000e+01 5.000000000000000000e+01 5.000000000000000000e+01 5.000000000000000000e+01 5.000000000000000000e+01 5.000000000000000000e+01 5.000000000000000000e+01 5.000000000000000000e+01
5.000000000000000000e+01 5.000000000000000000e+01 5.000000000000000000e+01 5.000000000000000000e+01 5.000000000000000000e+01 5.000000000000000000e+01 5.000000000000000000e+01 5.000000000000000000e+01 5.000000000000000000e+01 5.000000000000000000e+01
